47 39 15 31 29 40 48 42 24 20 26 37 3 2 33 14 45 9 44 19 11 27 4 13 32 23 22 7 28 1 25 21 6 12 30 17 5 10 0 46 8 18 36 16 34 35 43 38 49 41
37 30 48 28 41 40 23 17 16 14 12 49 0 1 2 3 4 5 6 7 8 9 10 11 13 15 19 33 18 25 24 20 31 21 38 22 39 26 43 42 27 34 29 46 47 44 32 35 36 45
8 1 6 3 4 5 0 2 9 7
3 7 6 5 0 1 2 4
9 4 7 5 3 6 2 1 0 8

28 47 30 24 6 15 41 16 18 27 43 31 34 14 38 33 7 40 4 44 10 19 17 20 32 11 22 12 42 25 46 21 37 13 9 29 26 5 49 3 35 8 45 2 23 48 0 36 1 39
49 46 43 40 37 34 31 28 25 22 19 16 47 13 10 7 4 1 48 45 42 39 36 33 30 27 24 21 18 15 12 9 6 3 0 2 5 8 11 14 17 20 23 26 29 32 35 38 41 44
31 2 45 23 15 24 40 42 43 8 41 39 49 48 35 19 11 20 25 5 14 29 38 3 0 46 7 34 1 16 47 44 10 12 6 18 21 33 26 4 28 37 30 17 13 36 22 9 27 32
49 19 29 44 33 8 16 2 21 11 15 3 28 36 7 25 22 48 9 18 32 24 31 5 46 14 41 43 17 45 37 0 6 1 38 10 20 35 4 40 13 27 12 42 23 47 34 26 30 39
33 2 15 39 24 14 36 3 40 18 19 5 42 23 0 35 9 37 7 30 8 17 10 13 1 32 16 48 4 26 20 45 31 6 44 21 41 43 28 12 47 22 38 34 11 27 46 49 25 29
21 12 18 16 1 2 6 5 10 17 15 13 7 4 9 8 0 3 19 20 14 11
5 2 4 1 7 0 3 6
38 35 31 45 46 21 41 43 48 40 44 19 17 13 42 49 47 8 4 3 5 1 2 6 22 27 24 26 20 0 7 9 29 10 12 14 15 16 11 18 34 39 37 36 32 33 23 25 28 30
2 1 5 0 4 3
21 16 19 13 18 10 2 1 22 5 0 3 6 9 8 4 7 11 15 12 14 17 23 20
45 31 36 25 35 19 32 17 21 14 23 12 27 6 5 40 0 49 1 11 10 2 46 3 30 4 16 7 8 9 34 24 13 26 15 28 18 42 20 43 22 38 29 39 33 44 37 41 47 48
48 41 33 37 45 47 44 42 39 36 34 31 28 24 20 16 12 4 1 2 3 5 6 7 9 10 11 13 14 15 17 18 19 21 22 49 25 29 26 0 8 23 27 30 32 35 38 40 43 46
37 13 30 20 12 42 43 6 32 10 31 39 14 21 16 45 7 0 4 46 19 27 11 48 3 33 15 34 24 17 26 5 41 8 49 35 22 44 23 38 25 18 47 1 29 2 9 28 36 40
30 26 2 18 42 7 40 9 38 16 21 35 15 12 46 29 33 1 11 24 0 27 32 39 10 49 4 28 5 31 14 8 44 41 36 37 3 45 20 22 13 6 17 23 47 19 34 25 43 48
15 6 5 18 12 17 13 14 1 3 7 4 9 2 10 0 8 16 19 11
38 47 27 20 30 4 28 31 18 14 17 10 46 8 3 19 1 32 7 6 16 21 0 36 13 5 45 11 15 24 9 29 35 42 26 23 22 39 37 25 33 34 43 12 40 44 2 41
28 8 30 48 12 49 41 17 42 11 44 10 14 21 18 20 19 45 13 36 7 34 27 25 40 5 4 33 46 29 2 32 9 37 6 26 16 3 15 0 38 24 35 1 31 47 22 43 23 39
49 5 1 25 27 10 12 41 33 30 40 0 3 14 19 42 6 18 24 11 20 38 21 46 8 29 47 2 32 31 22 48 16 9 36 13 15 23 7 35 4 26 17 43 37 44 28 34 45 39
23 34 5 2 35 1 12 40 38 16 29 43 8 37 21 42 7 11 48 41 13 19 44 27 0 32 18 33 10 28 30 3 49 24 6 26 15 17 14 4 47 46 20 45 9 22 39 25 31 36

39 5 9 23 25 21 18 3 15 11 4 33 16 26 7 24 0 38 8 6 35 14 19 10 22 27 13 2 28 17 20 1 36 32 29 30 34 12 31 37
34 35 27 6 18 22 43 20 41 26 31 24 48 5 9 4 2 39 3 12 23 10 15 28 25 44 7 47 14 36 33 21 30 0 49 13 16 1 42 8 29 40 19 17 46 45 11 32 38 37
36 7 9 44 8 40 19 2 46 23 31 18 3 22 37 24 48 4 43 13 6 10 29 17 38 1 20 41 25 5 28 0 35 30 27 49 16 42 32 39 12 47 21 11 26 45 33 14 15 34
29 26 19 46 22 48 40 31 20 23 12 1 35 42 39 9 18 10 38 32 13 49 17 7 34 30 5 21 33 2 4 27 45 0 14 8 41 44 11 6 16 37 3 15 28 47 25 43 24 36

49 47 44 46 27 23 18 12 32 14 1 39 17 48 22 41 2 33 13 25 34 9 45 4 15 21 28 26 20 11 0 7 10 8 5 43 16 42 24 6 31 19 30 35 29 37 3 36 38 40
36 29 30 32 31 28 20 16 15 12 10 9 11 42 41 43 7 0 47 4 8 5 6 3 2 1 14 13 19 17 18 22 21 24 23 27 25 26 34 33 35 38 37 40 39 44 46 45
47 45 43 41 39 37 35 33 31 29 27 25 12 11 0 49 23 21 19 17 15 13 9 7 5 3 1 2 4 6 8 10 14 16 18 20 22 24 26 28 30 32 34 36 38 40 42 44 46 48
23 41 43 6 46 16 27 36 47 8 38 19 7 3 24 29 45 34 37 2 18 26 5 44 4 30 14 11 0 33 10 39 35 21 32 48 20 22 28 49 40 13 12 25 15 9 17 1 31 42
36 16 7 24 29 34 5 33 18 27 45 2 40 43 32 12 4 8 0 44 39 20 22 30 23 11 26 9 13 21 14 46 25 6 49 3 47 37 15 10 41 1 35 48 17 31 19 38 28 42
31 26 7 27 3 14 12 1 45 21 48 9 0 2 22 38 19 5 49 15 41 32 44 36 17 34 8 35 42 33 46 20 30 37 25 4 18 11 6 13 47 40 43 10 39 23 28 16 24 29
34 22 21 36 43 16 5 1 44 41 17 23 2 6 12 18 45 27 13 35 8 0 19 28 38 24 15 11 26 37 31 3 39 42 49 4 30 20 9 7 48 47 14 10 29 25 40 33 32 46
49 37 8 3 18 39 12 38 16 46 28 2 34 42 36 26 10 20 33 17 47 14 27 23 44 7 40 22 48 13 9 45 15 31 29 24 1 35 5 4 6 19 11 30 0 41 21 25 32 43
17 12 15 10 8 3 5 6 9 2 4 7 0 1 19 14 16 11 18 13
49 0 2 4 5 3 1 7 9 11 13 15 17 19 21 23 25 27 29 31 33 35 37 39 41 43 45 47 6 8 10 12 14 16 18 20 22 24 26 28 30 32 34 36 38 40 42 44 46 48
44 22 23 24 39 4 25 26 32 43 6 7 19 20 16 17 18 11 12 42 37 45 49 30 29 28 27 5 21 10 9 8 48 13 38 14 36 35 34 15 33 0 41 31 40 47 1 2 3 46
44 40 37 41 43 33 39 30 42 36 27 23 18 14 9 29 7 1 11 16 24 8 2 4 49 0 6 3 25 21 17 12 5 13 10 15 22 20 19 28 34 26 35 31 32 38 48 47 45 46

49 25 26 0 1 2 3 4 5 6 7 8 9 10 11 12 13 14 15 16 17 18 19 20 21 22 23 24 27 28 29 30 31 32 33 34 35 36 37 38 39 40 41 42 43 44 45 46 47 48
29 26 19 46 22 48 40 31 20 23 12 1 35 42 39 9 18 10 38 32 13 49 17 7 34 30 5 21 33 2 4 27 45 0 14 8 41 44 11 6 16 37 3 15 28 47 25 43 24 36
37 35 28 44 31 36 21 2 33 32 19 30 20 47 14 9 15 16 43 29 27 5 38 39 25 17 18 10 6 0 46 1 26 8 3 45 11 7 22 23 41 13 42 24 48 12 4 40 34 49
45 6 3 5 40 49 7 28 12 9 23 29 32 39 30 14 25 24 22 31 16 47 11 37 1 38 21 17 27 13 26 15 35 43 0 33 19 36 2 18 8 44 41 10 42 4 34 20 46 48

43 16 30 8 0 12 29 7 9 2 24 26 27 23 25 28 20 3 1 4 5 6 22 21 11 15 17 19 13 10 14 18 49 42 38 36 34 47 45 41 31 33 35 32 39 46 48 44 37 40
30 1 23 43 13 36 5 8 49 24 21 26 16 12 35 2 47 33 18 41 7 40 48 25 34 14 4 15 9 32 29 39 11 3 0 31 22 17 44 27 10 42 19 28 46 38 6 45 20 37
48 45 12 44 6 49 0 23 22 7 47 25 27 17 2 30 37 8 11 21 32 24 19 16 15 13 3 43 20 4 1 38 9 46 39 42 28 14 18 5 35 29 31 36 26 10 41 34 40 33
14 5 12 0 7 13 10 9 4 8 6 15 2 3 1 11
33 0 4 30 15 20 7 48 18 27 10 31 12 28 17 11 36 8 42 2 13 46 41 21 6 38 16 1 45 34 32 14 47 25 9 24 22 26 43 49 35 37 3 23 5 19 40 29 39 44
31 25 29 9 3 49 0 18 20 7 6 43 1 2 47 35 39 14 16 34 46 4 22 40 21 24 30 42 17 8 5 10 37 36 23 12 28 19 32 41 11 44 27 13 26 38 33 15 45 48
31 23 24 40 29 8 5 27 15 3 12 21 19 48 39 4 10 18 9 6 25 46 14 17 1 36 35 22 34 20 37 47 2 33 16 11 13 43 38 45 0 32 42 26 28 7 30 49 41 44
46 17 15 25 27 24 32 34 23 39 28 41 6 16 14 4 38 21 19 37 8 31 11 36 10 40 0 18 13 43 26 12 42 1 7 2 9 35 3 29 22 30 20 47 33 49 44 5 48 45
31 27 34 28 10 7 13 12 2 14 17 16 0 32 25 35 21 33 29 38 23 22 39 3 9 18 5 6 11 19 4 15 1 8 30 36 24 26 20 37
42 31 34 37 19 47 14 5 16 28 13 15 12 33 9 20 4 24 7 40 45 30 8 27 17 38 2 21 36 1 35 3 44 39 22 41 48 18 43 10 23 6 0 11 46 32 26 25 29 49
31 24 35 20 42 19 14 26 12 37 0 43 28 4 34 18 27 3 5 17 45 9 16 49 13 22 38 15 44 21 47 6 7 10 41 32 40 1 29 2 8 39 46 11 30 23 25 48 33 36
37 12 13 36 32 16 33 46 3 2 47 24 23 22 21 20 34 15 14 35 42 7 6 43 18 26 25 27 28 29 30 19 17 31 38 11 10 39 49 0 1 48 41 8 9 40 44 5 4 45
43 17 27 32 23 38 3 0 28 9 26 41 16 22 4 44 19 25 37 1 10 14 42 7 21 6 39 46 24 40 11 47 18 29 2 35 49 48 5 33 13 31 8 20 15 12 45 36 30 34
40 14 21 23 3 16 36 22 48 7 44 46 15 30 39 8 4 31 47 2 28 37 1 10 6 33 43 17 11 45 12 27 0 25 5 41 13 29 19 34 32 18 35 49 9 24 42 20 26 38
5 1 8 6 0 11 2 10 9 4 7 3
36 22 20 41 40 49 42 13 24 47 45 3 43 39 19 35 8 23 0 31 4 10 37 12 38 32 44 48 34 2 30 15 27 11 28 7 5 1 46 17 9 18 33 21 16 25 14 6 26 29
27 22 38 45 21 36 49 30 6 25 17 14 4 13 44 26 19 2 34 0 18 24 35 33 23 1 3 8 47 5 15 40 7 42 9 28 39 20 16 10 37 11 48 12 31 29 41 32 43 46
36 1 43 18 24 46 17 2 45 31 38 7 19 33 47 0 22 25 3 34 14 12 48 4 16 32 5 15 35 37 39 8 29 28 11 13 44 26 40 30 9 27 6 21 49 20 10 23 41 42
45 38 49 20 0 43 24 13 22 44 25 9 42 28 29 4 6 10 7 32 31 2 5 1 3 23 26 35 33 8 18 48 47 14 16 41 12 15 11 21 17 19 40 34 30 46 27 36 39 37
22 13 21 0 16 19 18 3 2 10 5 9 8 11 1 6 15 7 12 14 20 4 17 23
30 18 6 20 21 0 22 24 32 44 12 42 5 35 15 37 33 7 16 19 46 4 47 41 1 38 40 31 9 14 28 13 36 27 23 10 29 26 45 2 11 8 43 3 39 17 25 34
21 20 19 17 18 12 6 29 26 27 28 31 30 35 32 33 34 37 36 41 38 39 0 1 7 4 3 2 5 10 9 8 11 13 15 14 16 22 23 24 25 40 43 42 47 44 45 46
32 2 4 3 11 19 8 16 47 30 22 44 39 18 34 5 13 14 26 29 31 15 10 36 27 28 20 21 6 25 7 9 41 35 24 23 12 40 0 42 33 43 49 38 37 1 45 17 46 48
41 48 18 15 39 14 26 47 17 46 10 27 28 22 42 31 21 11 9 36 38 44 29 30 8 4 37 33 1 3 40 12 43 6 2 0 19 49 5 23 13 35 16 24 20 32 34 25 7 45
0 1 2 3 4 5 6 7 8 9 10 11 12 13 14 15 16 17 18 19 20 21 22 23 24 25 26 27 28 29 30 31 32 33 34 35 36 37 38 39 40 41 42 43 44 45 46 47 48 49
20 3 18 0 2 13 6 10 22 15 14 8 5 16 9 12 7 25 17 1 21 23 11 4 19 24


32 4 26 12 19 39 45 20 10 25 28 21 35 48 47 1 17 36 13 24 3 18 49 7 38 8 14 15 37 46 44 42 29 41 22 5 30 9 0 27 40 34 23 2 11 16 31 33 6 43
30 34 26 37 25 40 18 29 11 15 46 3 0 49 1 35 5 22 16 44 21 28 9 24 17 41 8 20 2 31 7 39 14 32 27 10 4 23 6 13 19 12 33 47 42 45 36 38 48 43


42 36 40 13 31 19 9 28 38 3 46 23 17 33 37 7 14 25 15 22 16 34 20 0 43 30 5 29 35 1 4 10 44 6 12 41 8 2 11 27 21 49 24 39 48 26 18 47 32 45
29 17 22 40 9 15 1 33 31 36 35 37 14 42 20 43 0 7 44 28 12 49 47 3 23 13 32 10 18 2 19 8 45 21 39 4 38 5 16 11 24 46 6 27 25 30 26 41 34 48
46 13 20 32 44 26 19 27 4 43 15 18 24 5 14 28 25 17 42 40 0 48 47 22 6 45 33 10 9 35 8 31 37 38 11 34 2 12 3 49 41 7 21 1 39 23 30 29 16 36
31 28 43 15 29 21 18 20 35 7 19 44 22 24 41 11 6 23 34 10 9 39 38 5 47 26 16 14 4 36 46 42 37 2 12 27 0 40 32 1 25 13 45 17 48 3 49 33 8 30
3 1 2 4 0 5
26 15 8 9 27 14 11 0 21 16 4 19 5 12 25 7 1 28 20 6 24 2 17 13 10 18 3 29 23 22
30 22 37 46 21 41 35 29 49 11 10 42 16 26 34 32 5 40 3 0 45 8 47 14 13 18 17 36 12 20 7 33 6 28 25 27 1 39 9 19 2 38 24 15 4 43 48 31 23 44
48 1 2 4 49 0 5 42 3 6 8 9 10 11 12 13 38 7 14 16 17 18 19 20 21 22 23 24 25 26 27 28 29 46 15 30 31 32 33 34 35 36 37 39 40 41 43 44 45 47
30 37 26 25 24 23 36 35 31 44 43 16 29 27 28 15 19 20 7 8 11 12 0 1 2 9 10 17 18 42 41 39 40 3 4 46 5 13 6 21 14 22 33 34 32 45 38 47
33 0 1 2 3 4 5 6 7 8 9 10 11 12 13 14 15 16 17 18 19 20 21 22 23 24 25 26 27 28 29 30 31 32
6 9 3 7 0 11 1 2 4 10 8 5

48 47 46 45 44 43 42 41 40 39 38 37 36 35 34 33 32 31 30 29 28 27 26 25 24 23 22 21 20 19 18 17 16 15 14 13 12 11 10 9 8 7 6 5 4 3 2 1 0 49
23 32 3 49 21 20 44 25 5 22 13 17 0 34 30 18 28 38 16 4 36 9 45 27 2 19 1 26 15 39 37 14 47 24 6 12 33 7 8 29 40 31 42 35 41 10 43 46 11 48
17 10 18 19 0 9 16 13 2 3 1 8 4 7 12 11 5 6 14 15
45 33 25 26 29 44 46 7 31 32 21 9 37 38 11 20 39 10 4 24 28 17 3 22 41 12 27 2 19 13 43 42 16 8 34 1 36 0 6 49 5 18 15 14 35 47 23 30 48 40
41 26 13 35 0 22 19 21 27 14 16 49 25 46 6 8 12 23 30 45 15 24 32 5 36 28 3 47 31 7 1 48 18 11 2 44 17 9 20 40 34 4 29 33 43 10 37 39 38 42
36 22 29 40 32 3 10 19 38 43 1 2 4 45 13 25 27 33 39 23 49 5 31 9 37 26 17 42 20 44 0 18 15 14 47 24 30 6 12 46 16 11 41 28 48 34 21 7 8 35
43 7 41 6 44 18 5 10 8 49 25 48 32 29 47 12 9 42 14 24 16 19 33 26 13 34 30 22 20 40 37 35 15 11 17 1 39 27 21 3 0 28 31 4 2 46 23 36 45 38
0 5 1 4 2 3
36 6 4 24 21 34 15 45 42 20 35 28 5 14 10 33 31 7 19 23 30 16 2 41 1 40 22 3 43 44 29 39 25 32 9 8 18 12 27 26 11 38 0 17 13 37
19 41 14 33 22 7 32 35 34 3 40 1 39 10 9 26 29 4 5 25 11 31 30 24 15 13 12 8 17 0 21 6 28 37 18 38 20 27 16 23 2 36
33 17 46 30 20 24 25 19 18 45 26 27 28 22 36 14 3 47 44 6 7 34 1 49 23 48 2 10 41 9 8 43 5 4 11 39 32 15 35 16 40 38 12 13 37 0 42 21 29 31
38 11 17 33 48 45 47 9 6 1 40 5 35 28 41 21 32 43 44 19 3 34 4 12 7 2 31 14 46 22 27 24 18 29 25 8 0 15 36 20 37 23 16 10 42 30 49 13 26 39
49 0 1 2 3 4 9 8 7 6 47 46 5 10 12 11 18 13 17 16 15 14 21 20 19 25 24 23 22 26 28 27 29 34 30 31 32 33 36 35 37 41 40 39 38 42 45 44 43 48
30 48 26 40 14 8 34 10 23 42 25 35 13 47 27 36 41 15 46 18 21 19 38 28 39 31 17 9 22 20 45 16 49 11 37 0 1 2 3 4 5 6 7 33 24 43 12 44 29 32
47 49 1 0 41 28 38 34 39 18 4 36 48 2 44 8 29 25 26 21 20 27 35 15 11 9 33 14 13 6 30 40 16 7 17 42 24 12 46 3 5 19 31 10 23 37 22 45 32 43
28 18 37 15 23 31 47 10 22 20 24 36 35 9 46 21 2 0 16 8 1 41 13 17 33 40 14 4 5 26 19 48 12 6 3 30 32 43 44 11 29 25 42 38 45 27 49 39 7 34
4 3 0 1 2 5
36 21 24 43 49 8 7 44 38 10 20 46 11 18 15 39 16 23 22 30 37 4 12 29 6 32 48 3 40 17 31 5 45 14 0 34 2 42 19 41 35 1 9 25 26 28 13 33 27 47
49 0 1 2 3 4 5 6 7 8 9 10 11 12 13 14 15 16 17 18 19 20 21 22 23 24 25 26 27 28 29 30 31 32 33 34 35 36 37 38 39 40 41 42 43 44 45 46 47 48
30 5 0 13 33 44 43 18 45 8 38 3 40 22 19 46 34 6 35 1 26 49 48 9 21 31 2 10 42 14 12 39 17 15 7 36 16 20 4 25 24 23 47 27 41 32 29 11 28 37
39 6 29 2 12 31 48 15 45 27 41 33 7 11 0 37 24 9 38 35 47 34 22 21 28 17 1 4 18 36 46 16 40 19 49 3 25 44 8 30 23 13 43 10 20 5 14 26 42 32
47 23 16 28 48 39 29 34 9 10 40 26 8 24 19 1 6 20 14 12 32 2 43 7 22 49 4 18 15 33 27 17 31 5 36 35 45 0 41 25 44 38 21 13 46 37 3 11 30 42
47 32 1 2 46 13 25 43 12 21 5 16 4 26 10 6 35 29 19 9 42 0 24 8 18 28 20 15 36 49 40 38 37 31 27 14 22 44 3 11 34 30 7 17 48 39 23 41 33 45
32 47 11 35 10 18 31 14 3 26 43 5 44 7 0 25 27 13 16 40 46 23 17 8 38 4 33 24 37 34 28 15 29 49 39 21 48 6 1 22 9 2 45 19 42 41 30 20 12 36
9 3 1 0 7 2 8 11 4 5 6 10
48 3 11 0 1 2 4 6 7 8 10 12 14 17 18 19 24 25 26 31 36 39 40 41 45 49 43 38 35 33 30 28 23 21 16 13 5 9 15 20 22 27 29 32 34 37 42 44 46 47
28 14 39 40 7 37 1 11 4 49 35 10 17 20 19 48 5 38 23 41 0 34 47 27 12 8 32 9 29 2 6 33 13 16 45 18 15 24 25 36 3 30 21 22 44 42 31 46 26 43
42 41 33 44 25 0 2 14 24 40 21 15 16 11 13 7 6 19 48 28 30 34 9 1 22 20 18 5 10 4 12 17 23 3 8 35 45 31 49 26 27 32 29 36 38 43 39 37 47 46
34 4 3 45 10 12 2 29 43 5 42 41 7 11 35 49 17 40 32 23 15 8 47 9 27 26 33 0 6 24 16 46 1 22 25 13 38 48 18 28 14 21 37 39 36 30 44 20 19 31
32 11 23 19 22 36 2 33 15 8 14 42 35 17 12 20 3 4 0 27 39 6 10 40 16 1 44 7 47 45 25 34 24 9 38 21 48 5 30 49 13 37 31 28 29 46 26 41 18 43
46 35 5 32 16 36 47 19 26 41 18 3 22 17 12 49 31 24 20 27 11 9 23 7 48 21 30 8 13 40 44 10 1 6 38 42 15 45 14 37 29 25 2 0 43 33 28 39 4 34
32 19 5 31 26 36 29 40 34 2 45 23 48 4 7 6 25 38 44 20 39 13 24 16 18 11 1 46 9 33 10 47 0 12 42 21 30 17 28 15 43 41 3 14 22 49 8 27 37 35
37 5 14 15 33 26 8 13 19 7 45 0 43 31 47 21 39 22 6 48 4 46 28 9 34 11 25 12 20 18 35 24 30 44 27 1 10 29 2 49 17 41 23 36 3 16 32 42 38 40
44 18 25 15 41 6 0 19 1 14 47 35 5 4 45 12 22 7 34 16 11 23 13 43 9 30 26 28 39 27 36 40 20 32 8 42 3 38 10 17 31 29 24 48 49 21 33 37 2 46
5 1 11 9 10 3 12 0 13 6 7 2 4 8
15 3 6 9 4 12 13 2 14 7 10 1 17 0 19 5 16 8 11 18
6 11 3 14 15 1 10 9 8 2 0 12 7 4 13 5
37 32 36 27 29 26 28 24 23 22 25 19 18 21 17 16 8 6 34 15 13 14 12 2 33 11 3 35 7 9 20 0 1 10 5 4 38 30 31 39
29 45 1 28 16 14 17 9 0 41 18 38 4 33 25 8 12 13 34 11 3 19 46 31 39 36 44 21 26 49 6 30 37 23 2 24 47 5 20 10 40 22 32 27 15 7 43 48 35 42
30 27 36 42 37 22 25 13 18 12 32 4 48 3 7 0 44 1 47 2 40 5 38 15 35 23 11 16 10 41 8 43 9 20 45 14 6 21 46 19 29 24 31 26 33 17 49 28 34 39
38 39 40 41 43 44 37 42 28 27 45 25 24 23 22 29 14 15 16 17 20 19 9 8 7 6 5 4 3 2 1 0 18 11 12 47 46 10 13 21 30 31 32 33 26 34 36 35
43 1 33 5 31 16 11 37 28 13 20 27 18 35 17 42 3 9 12 2 15 21 39 6 22 4 8 41 14 30 24 34 7 36 32 26 19 40 0 38 10 25 29 23
0 1 2 3 4 5 6 7 8 9 10 11 12 13 14 15 16 17 18 19 20 21 22 23 24 25 26 27 28 29 30 31 32 33 34 35 36 37 38 39 40 41 42 43 44 45 46 47 48 49
49 44 42 43 37 34 35 33 7 40 19 16 11 10 12 17 18 20 21 22 23 24 36 3 8 9 14 5 4 6 2 1 29 13 15 28 27 26 25 31 32 0 30 38 39 46 41 45 47 48
34 20 38 48 22 9 26 5 43 10 15 6 44 14 40 19 47 4 25 33 11 13 46 42 30 23 8 29 24 31 0 2 17 3 18 28 27 41 39 12 45 36 16 49 1 7 21 37 35 32
31 6 5 12 3 18 8 41 34 16 25 45 46 42 13 19 2 4 15 0 23 36 32 21 14 20 44 28 22 29 24 43 7 10 11 47 40 9 17 35 30 26 39 38 1 33 27 37
42 0 18 5 48 13 16 9 10 20 4 27 6 7 24 39 1 12 22 46 3 31 11 37 21 14 44 40 49 15 36 25 45 30 2 28 43 19 41 47 35 29 26 17 8 33 23 34 38 32
40 23 3 18 14 45 4 49 24 26 39 20 15 19 33 31 10 9 11 34 6 2 47 28 12 29 25 27 7 1 0 41 8 30 13 35 21 37 16 44 22 42 38 32 48 17 5 36 43 46
43 36 10 38 17 34 26 30 23 49 0 3 16 22 12 20 27 5 4 9 14 15 19 29 32 18 6 11 41 2 13 8 21 25 7 45 1 24 31 42 28 39 40 35 46 33 47 48 37 44
38 48 0 31 41 45 23 28 8 19 25 36 17 32 20 6 29 24 9 44 2 5 18 1 22 14 3 39 12 43 15 11 40 16 33 10 21 49 35 4 34 42 7 13 46 30 47 27 37 26
48 42 31 9 38 24 16 8 10 22 49 25 14 28 47 43 0 2 21 17 3 37 36 11 5 39 15 41 32 6 1 33 4 30 20 19 44 27 29 13 23 18 26 46 12 40 7 34 45 35
3 0 1 4 2 5
0 1 2 3 4 5 6 7 8 9 10 11 12 13 14 15 16 17 18 19 20 21 22 23 24 25 26 27 28 29 30 31 32 33 34 35 36 37 38 39 40 41 42 43 44 45 46 47 48 49

9 11 2 4 8 0 5 10 1 6 3 7
21 20 16 15 14 1 2 7 13 12 11 3 0 8 5 6 22 23 4 9 10 17 18 19
30 42 7 8 13 23 26 1 9 48 37 31 6 17 16 22 15 38 45 12 43 10 36 24 19 33 39 5 21 20 3 47 14 35 25 34 49 4 11 40 29 18 41 46 44 0 28 27 2 32
24 48 23 16 45 15 4 46 32 44 11 41 0 37 25 20 42 14 12 36 13 8 18 9 19 3 40 29 7 30 28 49 2 10 39 5 26 22 31 17 35 47 1 21 27 34 38 6 43 33
34 3 35 13 22 1 45 11 38 17 4 23 49 7 36 44 19 40 31 46 41 33 43 9 18 5 0 32 30 20 12 24 16 48 10 27 14 2 42 29 15 26 47 8 25 39 6 37 21 28
34 22 28 18 44 48 46 37 49 4 36 11 9 26 1 30 41 6 27 2 5 40 17 7 33 13 42 15 38 8 19 10 24 14 12 32 23 43 16 29 25 20 31 47 0 21 3 39 45 35
42 41 40 35 39 38 37 36 28 29 21 13 12 7 3 8 9 6 4 0 47 43 1 2 46 5 10 18 14 17 16 11 15 20 22 26 25 24 19 23 30 33 32 27 31 34 45 44
42 27 48 15 1 46 38 3 43 32 37 12 23 31 16 17 11 0 45 8 40 5 30 10 20 49 2 13 36 7 9 18 28 29 21 25 34 41 33 22 14 6 26 4 24 39 35 19 44 47
40 31 2 47 34 49 22 0 14 16 4 48 8 45 9 24 15 43 23 39 41 12 19 5 20 18 7 11 28 1 10 32 21 17 29 42 6 37 27 3 30 25 26 44 35 46 13 36 38 33
15 2 7 10 18 8 25 23 6 0 3 16 12 13 19 17 21 20 11 5 22 9 4 24 1 14
7 0 6 1 3 4 2 5
30 44 21 48 28 41 10 27 49 38 8 33 20 7 17 11 46 16 3 4 29 13 22 0 40 26 9 18 14 1 23 36 34 5 47 42 24 15 35 12 2 45 32 39 43 6 25 19 31 37
9 7 10 0 1 12 5 3 2 13 4 8 11 6
26 8 18 13 31 9 39 1 7 40 28 37 3 45 43 48 14 15 17 46 21 23 27 29 47 41 42 36 49 22 16 2 0 5 24 25 44 10 33 12 38 35 19 30 20 32 4 11 6 34
3 1 0 4 6 5 2 7
31 32 36 39 40 41 19 20 24 27 28 29 11 10 9 6 2 1 47 46 45 42 43 44 0 3 4 5 23 22 21 18 14 13 7 8 12 15 16 17 35 34 33 30 26 25 38 37
37 32 2 9 25 48 29 22 42 1 26 19 23 20 21 7 16 41 30 28 12 6 18 49 45 33 43 15 0 8 27 3 35 4 11 17 24 44 10 47 14 39 36 40 5 38 13 34 46 31
23 22 10 15 11 13 25 14 0 18 12 7 5 1 4 21 2 3 16 8 17 19 9 24 6 20
13 11 9 7 5 2 15 0 3 1 4 6 8 10 12 14
42 41 40 35 39 38 37 36 28 29 21 13 12 7 3 8 9 6 4 0 47 43 1 2 46 5 10 18 14 17 16 11 15 20 22 26 25 24 19 23 30 33 32 27 31 34 45 44
16 2 0 19 5 7 15 4 12 14 8 6 13 11 9 17 1 3 18 10
41 2 32 40 3 23 35 19 31 34 29 26 8 43 13 12 0 39 25 5 46 9 38 10 24 47 18 14 6 1 21 45 16 11 17 4 28 33 37 27 36 42 20 22 7 30 15 44
27 25 49 0 26 24 1 28 2 29 3 30 4 31 5 32 6 33 7 34 8 35 9 36 10 37 11 38 12 39 13 40 14 41 15 42 16 43 17 44 18 45 19 46 20 47 21 48 22 23
31 37 10 22 35 43 46 48 8 27 11 20 42 39 19 25 26 7 0 41 34 15 21 29 23 5 28 4 3 30 18 6 47 14 33 38 9 36 32 16 13 12 1 17 45 2 24 40 44 49
36 35 34 32 33 48 27 25 20 12 1 0 2 29 31 30 3 5 7 6 43 41 38 4 13 8 10 9 11 19 15 14 26 17 49 45 47 46 23 22 18 16 21 24 28 44 39 37 40 42
38 45 6 39 7 9 18 44 19 10 5 33 15 36 11 13 20 0 29 24 46 37 43 8 28 40 22 34 35 1 3 26 27 23 48 21 31 17 25 49 2 42 4 41 14 16 12 30 32 47
48 29 18 7 45 16 25 28 38 14 8 39 30 42 31 19 20 46 22 10 27 34 43 6 35 4 21 5 13 24 2 1 23 36 33 26 49 3 32 15 47 12 9 0 40 11 37 41 17 44
40 43 45 34 35 30 47 3 4 14 22 26 28 5 2 48 15 7 1 42 16 6 11 13 24 41 17 8 21 29 20 23 18 25 27 12 0 49 19 10 9 36 32 31 33 38 44 37 39 46
4 8 0 2 5 3 7 6 1 9
47 18 27 43 19 38 11 28 10 45 8 16 7 1 49 6 25 9 37 3 36 5 40 12 29 34 30 20 48 13 41 0 2 22 14 17 4 15 21 44 26 31 46 39 24 35 23 32 42 33
17 18 13 12 7 6 1 2 4 3 5 9 10 8 11 15 16 14 23 0 19 20 22 21
32 33 18 34 29 44 3 45 25 14 36 13 4 6 42 2 35 17 31 22 10 5 26 39 0 47 24 12 11 20 1 48 28 37 7 9 8 43 16 38 21 15 40 23 49 19 27 41 30 46

39 36 4 7 24 23 19 20 28 1 11 14 40 5 43 6 42 10 44 17 31 16 15 41 8 13 25 2 18 37 30 12 47 27 34 26 46 3 22 9 32 38 0 21 29 35 33 45
6 2 14 15 21 1 9 10 17 13 19 20 11 8 16 4 0 18 5 7 3 12
29 39 3 42 38 26 25 31 5 2 19 47 11 22 36 10 8 18 45 20 37 15 35 0 48 27 21 6 40 46 16 1 28 30 7 4 41 13 14 43 33 17 23 34 44 24 32 9 12 49
27 25 22 29 26 0 19 20 21 12 11 10 9 8 7 6 5 4 3 1 2 15 16 14 18 13 17 28 23 24
36 4 18 24 49 2 29 31 5 47 12 21 16 48 27 30 6 7 37 3 13 11 42 23 0 43 41 1 46 40 38 15 14 9 20 35 10 8 22 28 39 17 25 19 44 26 34 33 45 32
32 43 31 16 27 22 30 18 25 20 26 24 12 5 3 13 1 7 49 0 11 8 10 4 9 2 14 6 15 28 21 19 29 17 23 39 33 45 35 37 44 47 40 42 36 41 34 46 38 48
42 31 2 45 3 37 11 15 28 41 25 0 40 16 48 30 1 47 18 10 49 7 17 19 9 24 32 46 34 36 14 5 39 8 12 38 4 22 21 20 43 27 26 33 13 23 44 6 29 35
48 34 19 40 8 16 21 18 29 20 24 22 23 44 37 35 36 33 9 38 49 14 28 43 11 32 12 31 46 26 2 45 42 4 39 1 10 27 13 30 5 0 3 41 6 17 15 25 7 47
38 3 2 21 26 24 25 12 39 37 13 15 16 17 18 19 20 22 23 9 10 11 8 7 6 5 4 28 27 14 29 30 31 0 1 34 33 32 36 35
46 42 4 7 12 49 18 35 5 8 17 25 38 21 0 28 10 32 24 13 48 47 1 26 2 27 9 45 14 43 15 3 33 36 23 6 44 31 41 39 20 19 11 30 34 29 37 22 16 40
49 16 37 3 12 6 22 33 15 2 18 41 31 28 1 48 9 8 46 24 45 39 0 43 32 10 14 30 44 20 36 23 4 40 47 17 5 26 27 7 13 38 19 21 25 29 42 35 11 34

47 43 39 35 31 27 23 19 15 11 7 3 5 9 13 17 21 25 29 33 37 41 45 49 1 0 2 4 6 8 10 12 14 16 18 20 22 24 26 28 30 32 34 36 38 40 42 44 46 48
21 13 12 7 3 8 9 6 4 0 23 19 1 2 22 5 10 18 14 17 16 11 15 20
47 29 19 21 7 35 3 4 27 11 37 9 10 38 17 42 20 14 16 32 40 34 1 39 26 33 30 12 44 43 6 23 13 22 28 31 18 25 0 15 8 5 41 49 2 24 48 36 46 45
45 31 5 4 39 14 16 26 0 42 36 47 12 23 28 19 33 15 8 43 11 34 30 7 3 37 9 40 1 44 2 20 6 22 27 25 18 24 38 29 13 21 46 35 49 17 10 32 48 41
7 3 5 9 1 0 2 4 6 8
32 6 14 20 12 10 22 18 26 41 29 4 23 2 34 47 38 42 36 31 46 15 8 19 30 49 45 16 13 17 3 7 9 21 5 44 48 27 1 0 40 28 37 25 24 11 33 35 39 43
44 42 39 35 40 41 38 36 30 29 28 22 17 14 18 10 5 46 2 1 43 47 0 4 6 7 3 8 9 12 13 21 15 11 16 20 25 24 19 23 26 34 33 32 27 31 37 45

28 14 45 7 6 9 41 23 27 22 31 29 12 13 20 38 26 8 17 34 37 4 5 40 15 48 49 0 3 21 36 18 11 44 42 24 33 30 10 2 19 39 32 1 35 16 25 46 47 43
5 1 6 3 4 0 7 2
44 22 10 6 47 33 5 46 11 14 17 21 9 20 23 40 1 49 12 32 0 3 13 30 42 4 28 8 39 15 26 7 38 36 27 18 43 16 37 41 31 29 35 48 2 45 19 24 34 25
46 43 40 38 35 32 30 27 24 22 19 16 14 11 8 6 3 0 1 5 13 21 47 44 42 39 36 34 31 28 26 23 20 18 15 12 10 7 4 2 9 17 25 29 33 37 41 45
33 17 22 3 29 25 9 8 21 13 28 26 43 18 37 7 48 15 20 19 36 30 39 12 0 31 11 45 35 49 1 44 16 47 24 5 46 14 23 10 40 2 38 6 41 4 42 27 32 34
5 0 1 3 2 4
29 39 26 22 13 30 44 20 14 8 11 32 35 9 28 1 6 4 17 18 0 41 23 21 25 2 27 19 24 16 45 33 5 10 12 36 7 3 15 31 40 42 34 38 37 43
37 26 18 13 10 46 47 12 11 21 17 16 15 14 20 19 29 9 8 7 6 5 4 3 2 1 0 33 32 31 30 42 34 25 24 23 22 41 40 39 38 27 28 36 35 44 43 45

34 31 26 27 4 35 21 33 25 49 12 23 20 15 10 42 11 45 44 29 17 41 19 22 7 3 9 13 5 8 14 43 16 1 46 0 6 18 24 2 28 47 30 38 36 39 48 40 37 32
29 39 17 37 10 24 13 3 2 35 14 23 4 15 8 31 12 16 34 5 45 36 7 43 9 26 0 22 33 48 28 1 32 46 19 6 27 30 20 49 41 47 11 21 18 38 25 44 40 42
43 2 33 28 9 0 38 5 44 30 1 29 14 49 47 31 12 40 6 4 24 35 3 7 41 22 15 10 36 23 8 45 32 13 39 18 16 48 11 27 19 34 17 20 26 25 37 21 46 42
2 1 3 0
20 21 19 23 24 17 13 14 11 9 25 4 1 7 12 10 5 2 3 0 6 8 16 15 18 22
35 27 29 14 25 30 39 4 3 20 38 8 6 26 45 2 10 0 24 36 7 17 15 9 18 31 43 19 37 13 33 21 34 23 28 16 47 12 32 1 22 48 42 40 49 44 5 11 41 46
40 34 45 41 28 38 5 0 49 26 35 16 8 13 7 11 6 10 9 18 14 46 21 2 4 12 3 23 20 48 1 19 15 32 25 29 22 47 17 24 27 31 30 33 43 36 39 37 42 44
49 21 13 27 35 4 3 26 8 14 30 24 32 17 43 7 45 10 41 33 22 9 6 36 0 11 29 12 5 42 1 16 39 28 25 34 44 38 18 2 31 19 15 20 48 40 46 37 23 47

43 8 45 18 49 15 23 13 4 22 5 33 36 42 6 47 17 48 2 40 25 12 16 3 37 9 46 44 28 30 11 14 19 0 7 34 26 29 20 21 10 24 32 1 31 35 27 39 38 41

42 39 35 40 41 38 37 36 28 29 21 13 12 7 3 8 9 6 4 0 47 43 1 2 46 5 10 18 14 17 16 11 15 20 22 26 25 24 19 23 30 33 32 27 31 34 45 44
2 15 7 10 18 8 25 23 6 0 3 16 12 13 19 17 21 20 11 5 14 1 24 4 9 22
39 23 41 21 33 17 47 8 36 19 38 14 40 13 26 1 49 3 0 34 10 30 2 43 6 29 4 28 9 35 7 32 11 37 12 31 15 44 16 42 18 45 22 48 20 27 5 46 24 25
42 29 31 25 37 34 33 23 19 32 18 26 24 27 20 14 9 5 0 49 2 1 44 3 4 6 13 16 8 12 17 22 11 15 10 7 21 35 28 36 30 38 43 39 40 45 46 41 47 48
47 44 46 40 42 36 38 32 34 28 30 24 26 20 22 16 18 12 14 8 10 4 6 0 1 2 3 5 7 9 11 13 15 17 19 21 23 25 27 29 31 33 35 37 39 41 43 45
7 0 15 16 4 5 12 1 8 2 17 10 9 14 3 11 6 13
34 29 32 33 3 25 17 10 44 40 15 22 41 11 7 0 19 2 47 1 31 8 23 21 48 13 45 14 5 18 27 36 30 38 35 9 49 20 24 42 4 26 12 46 16 28 6 39 37 43
35 27 47 42 25 24 48 21 23 19 45 17 38 3 49 0 2 1 4 5 41 6 36 7 44 8 30 9 18 10 22 11 32 12 20 13 33 15 14 16 37 26 29 28 31 34 39 46 40 43
23 22 21 47 20 19 18 17 16 15 14 13 12 11 10 9 8 7 6 5 4 3 2 1 0 46 45 44 43 42 41 40 39 38 37 36 35 34 33 32 31 30 29 28 27 26 25 24
44 8 6 9 33 4 14 30 49 37 3 1 15 34 7 21 47 29 10 26 19 31 12 42 32 43 24 11 18 36 38 17 16 5 13 20 25 39 35 27 2 23 40 0 48 22 41 46 28 45
49 0 2 48 4 5 6 7 9 10 8 3 1 11 12 14 13 15 16 18 17 21 19 20 25 22 23 24 29 26 27 28 31 30 34 32 33 35 37 36 44 38 39 40 41 42 43 46 45 47
2 3 1 5 0 4
48 47 1 20 45 30 11 43 14 22 6 42 0 15 32 31 29 23 49 27 17 37 3 28 7 33 8 12 10 13 34 36 16 5 46 38 41 9 2 4 40 18 19 35 44 21 24 25 26 39
6 3 4 5 2 1 0 7
34 37 3 28 31 19 23 26 30 8 2 24 43 13 6 15 44 48 35 39 0 11 36 22 45 32 1 21 20 5 9 7 12 49 10 33 17 25 14 41 42 27 47 16 38 46 29 18 4 40
48 46 44 42 40 38 36 34 32 30 28 26 24 22 20 18 16 14 12 10 8 6 4 2 49 0 1 3 5 7 9 11 13 15 17 19 47 45 43 41 39 37 35 33 31 29 27 25 23 21
34 20 11 0 17 32 3 5 30 13 24 29 6 23 22 4 26 28 21 9 8 33 27 35 14 7 12 10 19 2 18 15 31 1 16 25
33 42 17 5 34 21 40 3 25 39 46 38 31 7 44 8 27 20 43 24 23 29 0 32 14 22 9 16 15 1 19 13 41 18 2 36 47 11 10 4 45 28 26 12 37 6 30 35
19 41 10 8 12 27 43 1 3 16 29 4 26 30 21 31 24 25 2 18 37 14 23 22 32 5 40 17 20 15 44 11 35 33 48 39 6 0 7 36 13 45 42 49 38 9 34 46 47 28
11 2 1 3 4 5 6 8 9 10 12 13 14 15 17 7 0 16
48 43 42 44 38 40 5 34 33 35 36 29 27 31 26 21 16 9 2 47 8 39 7 20 14 11 0 49 18 28 23 32 25 17 4 30 22 19 15 13 3 24 10 1 41 12 6 37 46 45
45 33 25 26 29 44 46 7 31 32 21 9 37 38 11 20 39 10 4 24 28 17 3 22 41 12 27 2 19 13 43 42 16 8 34 1 36 0 6 49 5 18 15 14 35 47 23 30 48 40
35 4 32 9 24 7 2 28 11 46 44 5 48 1 37 23 41 3 38 18 20 17 29 14 39 33 27 0 21 15 40 26 6 49 12 31 8 16 36 22 42 30 43 13 10 25 19 34 45 47
35 23 29 22 25 21 27 3 44 5 0 32 19 17 40 15 43 13 36 45 9 20 4 8 18 6 16 10 14 2 11 12 31 7 24 26 28 37 1 30 33 34 39 38 41 42
37 36 10 9 44 28 1 30 40 2 4 26 15 41 34 24 35 27 14 19 5 18 38 39 43 13 11 17 32 22 42 29 45 7 16 12 21 3 33 31 6 25 0 8 20 23
44 42 41 38 37 29 25 20 23 24 27 14 13 18 11 8 7 4 2 1 47 0 3 5 6 9 19 16 15 12 17 46 10 21 26 22 35 32 31 28 30 34 33 43 40 39 36 45
33 17 13 22 27 9 26 39 20 28 21 12 15 19 43 18 7 11 16 2 8 25 1 36 35 4 31 10 29 0 34 30 6 37 23 14 3 46 42 44 48 45 41 38 5 32 24 49 40 47
44 47 9 17 19 45 30 15 26 11 20 16 34 41 43 38 49 2 32 48 27 21 39 12 0 6 40 8 28 23 4 1 3 14 24 33 29 5 18 36 10 13 25 42 22 7 31 37 35 46
22 5 14 1 24 4 9 11 20 21 17 19 13 12 16 3 0 6 23 25 8 18 10 7 2 15
29 3 17 4 1 9 22 24 7 21 16 0 23 6 13 2 19 26 10 25 12 18 8 11 15 14 20 5 28 27
30 32 31 27 29 28 24 35 34 21 23 22 19 20 18 15 26 25 9 11 10 7 8 13 14 12 3 5 4 1 2 0 6 17 16 42 43 33 36 38 37 40 41 39
38 16 24 23 40 22 28 4 17 45 15 18 37 29 10 49 13 26 46 9 32 7 35 3 14 8 1 21 48 47 6 20 44 12 5 19 36 43 2 41 25 30 27 33 0 34 11 39 42 31
32 12 29 9 13 48 5 10 30 3 35 2 23 18 16 36 25 37 6 17 20 49 14 1 8 39 15 44 24 42 27 33 47 7 0 21 22 11 31 34 19 43 28 4 41 38 26 46 40 45
36 45 35 1 9 24 5 48 11 4 21 26 42 46 3 38 39 47 31 13 19 25 30 40 29 14 0 27 32 8 2 6 28 44 49 15 23 17 33 18 12 34 20 43 7 16 10 22 41 37
38 21 30 34 7 33 23 0 24 32 37 13 22 41 44 19 1 9 11 46 20 35 43 31 26 2 42 18 45 5 4 39 15 8 10 36 16 12 14 25 28 6 17 27 49 3 47 48 29 40
32 14 15 16 20 21 3 23 24 25 7 8 46 6 43 44 0 1 12 13 5 4 22 2 48 49 11 10 9 37 38 18 19 35 34 33 17 42 30 31 36 27 28 29 39 40 41 26 45 47
27 20 22 26 12 43 11 34 3 0 49 1 45 21 37 15 16 10 31 38 24 28 30 7 35 8 39 5 46 19 47 14 13 48 2 44 32 4 18 23 6 36 9 42 40 25 29 17 33 41
46 1 7 23 15 3 22 36 49 47 6 30 5 48 18 4 28 25 0 43 10 41 16 44 38 13 19 31 9 17 20 14 21 29 12 37 33 8 40 11 27 32 34 35 39 24 26 2 42 45
41 36 43 2 29 3 34 26 8 14 32 28 25 24 30 31 19 35 13 45 47 44 1 4 12 16 37 7 10 17 20 33 15 0 6 22 23 38 5 21 11 27 18 46 40 9 39 42
36 32 31 29 30 28 20 16 15 12 10 9 11 42 41 43 7 0 47 4 8 5 6 3 2 1 14 13 19 17 18 22 21 24 23 27 25 26 35 33 34 38 37 40 39 44 46 45
27 28 9 16 3 18 21 13 10 6 7 4 17 8 14 25 1 11 26 0 22 19 5 20 12 24 29 2 23 30 15 31
49 25 0 1 2 3 4 5 6 7 8 9 10 11 12 13 14 15 16 17 18 19 20 21 22 23 24 26 27 28 29 30 31 32 33 34 35 36 37 38 39 40 41 42 43 44 45 46 47 48
15 0 3 1 5 6 2 4 7 8 9 10 11 12 13 14
20 1 11 23 3 12 22 0 21 15 7 19 4 25 5 24 6 10 17 2 16 14 8 13 9 18
40 16 49 14 26 20 10 39 7 38 8 24 21 48 45 43 31 44 32 19 11 25 36 29 3 9 22 23 30 5 13 2 12 37 1 34 33 17 0 41 18 28 47 4 15 35 27 46 6 42
4 1 5 0 2 3

33 2 16 1 30 41 38 27 18 8 43 6 31 42 47 11 36 19 4 45 39 23 14 7 44 17 37 46 5 32 13 35 9 48 21 25 20 29 10 49 3 26 22 12 15 28 34 24 0 40
38 36 37 24 28 29 16 20 21 8 9 11 10 3 2 43 42 40 41 4 5 6 13 12 1 0 47 18 19 15 22 7 14 17 30 23 26 27 25 31 34 35 44 45 32 33 46 39
33 1 21 17 15 26 37 39 7 46 24 25 44 28 38 29 0 12 10 40 14 16 5 9 23 8 11 30 31 13 41 27 49 43 36 22 18 4 47 32 48 2 34 19 3 42 45 6 20 35
49 1 33 24 35 2 44 31 12 17 39 9 20 8 26 4 13 10 48 38 22 25 11 47 6 5 34 32 0 27 21 28 14 15 7 40 18 3 43 37 41 30 16 46 36 42 19 29 23 45
35 4 3 37 16 31 40 26 6 9 5 12 39 30 22 44 23 0 7 14 43 24 34 13 47 21 42 19 36 1 45 25 10 18 15 17 33 41 48 27 2 28 38 46 8 49 20 29 11 32
41 18 7 22 2 10 20 37 13 8 17 38 11 39 46 0 6 3 1 12 42 48 19 33 32 27 36 14 43 4 49 9 44 15 21 30 35 40 29 26 45 5 25 47 24 28 16 23 31 34
34 1 33 46 4 17 10 26 49 23 32 2 28 37 44 21 29 9 43 24 3 18 42 8 47 5 11 13 19 20 36 12 30 6 25 16 39 15 48 35 14 27 22 0 38 31 41 7 40 45
35 40 1 44 33 14 6 32 39 48 21 31 8 37 0 11 24 12 10 36 29 4 22 19 18 47 25 49 2 7 23 26 16 46 3 5 38 45 17 20 15 9 41 30 42 28 13 34 27 43
39 45 27 43 29 2 23 12 44 33 6 24 21 17 5 35 18 28 9 16 42 37 48 40 0 14 22 1 20 25 31 34 46 26 8 11 47 13 30 7 32 36 4 10 3 15 49 41 19 38
46 25 16 21 7 49 14 40 20 37 0 10 38 27 31 8 47 48 39 5 32 23 9 36 34 17 4 11 30 6 29 3 13 26 18 28 12 19 24 22 45 41 2 33 43 1 42 15 35 44
32 14 8 13 20 17 11 39 27 16 21 19 34 25 40 10 31 7 46 41 2 47 45 36 1 42 35 6 26 12 48 0 49 9 5 18 37 22 43 3 15 38 44 23 4 33 30 29 24 28
28 31 40 24 5 2 44 3 22 8 32 17 36 48 1 11 35 7 41 23 33 0 29 14 25 16 37 13 4 26 43 21 19 39 42 18 45 30 9 47 12 46 15 6 49 10 38 27 20 34

44 39 35 40 41 38 42 36 37 26 23 19 24 25 22 15 11 16 17 12 7 3 8 9 6 4 0 47 43 1 2 46 5 10 18 13 21 14 20 28 29 30 33 32 27 31 34 45
47 32 21 4 28 43 46 27 30 13 7 0 38 16 23 15 48 5 29 22 44 37 11 20 12 31 34 14 2 17 18 6 41 26 24 3 9 1 25 8 10 40 33 42 19 45 49 35 39 36
49 0 1 2 3 4 5 6 7 8 9 10 11 12 13 14 15 16 17 18 19 20 21 22 23 24 25 26 27 28 29 30 31 32 33 34 35 36 37 38 39 40 41 42 43 44 45 46 47 48
39 16 2 24 28 46 48 19 1 3 42 45 33 38 44 41 17 4 11 21 7 0 30 20 9 22 23 10 18 25 27 26 31 5 15 6 12 13 14 8 35 43 37 29 40 49 36 47 34 32
31 20 39 17 44 6 9 18 22 14 1 5 28 38 13 45 7 4 21 10 11 32 16 34 19 2 27 0 33 30 48 15 46 43 8 12 42 23 36 25 47 26 29 40 37 3 41 49 35 24
14 15 19 2 12 18 0 5 1 9 8 4 11 3 13 16 10 7 6 17
49 0 1 2 3 4 5 6 7 8 9 10 11 12 13 14 15 16 17 18 19 20 21 22 23 24 25 26 27 28 29 30 31 32 33 34 35 36 37 38 39 40 41 42 43 44 45 46 47 48
47 0 32 22 10 46 42 31 41 4 18 28 9 36 15 21 6 27 19 3 45 13 14 29 48 7 38 12 2 30 33 8 39 1 25 44 40 16 37 23 11 43 5 26 24 49 34 17 20 35
49 25 0 1 2 3 4 5 6 7 8 9 10 11 12 13 14 15 16 17 18 19 20 21 22 23 24 26 27 28 29 30 31 32 33 34 35 36 37 38 39 40 41 42 43 44 45 46 47 48
42 37 36 34 28 25 29 21 13 12 11 9 7 3 8 6 4 0 5 46 47 1 2 10 18 17 16 14 15 20 22 26 24 19 23 27 33 32 30 31 38 41 45 40 35 39 43 44
42 30 16 14 39 13 11 9 7 0 35 2 47 29 21 5 46 26 31 40 34 38 33 25 19 10 20 37 32 23 28 22 18 15 8 4 41 27 24 17 12 6 3 1 49 36 43 45 48 44
8 13 4 5 11 0 7 6 1 10 3 2 9 12
5 1 4 0 6 2 3 7
39 38 37 36 35 34 33 32 31 30 29 16 17 10 11 14 15 12 13 4 5 1 0 3 2 7 6 9 8 19 18 21 20 22 47 23 24 25 26 27 28 40 41 42 43 44 45 46
19 23 18 16 11 15 17 8 3 7 9 1 6 5 0 4 12 14 2 13 20 22 10 21
34 10 6 21 36 33 2 11 40 29 41 12 43 47 9 26 15 24 28 27 8 19 30 35 3 22 0 17 13 14 37 20 16 4 7 23 39 48 49 1 42 38 5 32 45 25 46 18 31 44
31 49 19 25 27 7 16 21 11 20 24 4 6 39 30 14 0 45 9 42 13 41 35 32 17 28 46 2 5 3 29 43 18 44 34 1 36 48 22 12 15 10 23 8 26 33 47 37 40 38
13 11 9 7 5 2 15 0 3 1 4 6 8 10 12 14
36 10 17 15 34 3 14 22 30 25 13 39 0 1 28 19 21 35 24 26 4 8 20 5 38 9 27 2 7 6 12 37 23 18 11 16 32 33 29 31
27 21 36 23 33 9 43 12 8 32 18 24 13 30 17 46 4 34 41 0 6 14 1 3 22 42 11 37 7 20 16 19 40 49 31 48 5 45 2 28 35 38 15 25 44 10 39 47 29 26
46 21 39 36 34 38 33 17 44 16 49 41 23 29 18 26 45 11 0 15 27 14 8 3 13 7 2 9 10 1 6 5 4 12 48 24 47 19 32 28 40 25 30 42 31 35 43 20 22 37
42 2 30 17 47 45 14 35 36 49 4 7 0 46 16 19 13 48 43 27 10 28 29 23 20 11 1 6 15 9 3 12 40 21 5 26 22 32 41 34 8 37 31 33 44 18 25 38 24 39
45 16 17 21 28 24 15 41 27 14 23 30 38 35 47 7 5 3 32 42 0 48 29 2 26 6 11 9 1 40 20 13 8 10 36 22 44 19 25 39 34 18 4 46 33 49 31 37 12 43
40 14 41 43 38 39 15 2 1 0 48 21 16 5 4 3 47 46 45 37 36 35 44 9 20 22 7 8 12 11 10 49 6 25 26 24 23 19 27 18 17 13 28 29 34 30 31 32 33 42
16 29 3 26 2 19 28 25 7 31 0 14 4 15 5 24 6 21 13 23 30 1 12 17 22 11 18 27 33 8 10 20 9 32
49 16 42 26 32 4 20 45 43 37 22 13 44 19 28 29 5 31 1 10 23 15 18 27 21 11 36 12 30 14 47 33 2 41 8 3 9 48 17 25 0 7 24 34 35 46 38 40 6 39
30 15 40 17 25 28 43 24 42 2 13 0 6 33 3 16 46 23 5 22 9 19 32 14 26 21 45 11 27 8 1 34 12 18 10 29 39 7 36 44 4 38 49 47 35 41 31 37 20 48
28 13 32 15 21 25 18 24 17 12 39 10 23 7 22 6 8 37 1 11 4 33 0 14 9 5 34 2 35 27 19 31 20 30 16 38 36 29 3 26
23 0 2 15 4 5 12 1 22 6 17 8 7 9 10 19 11 14 16 20 3 13 18 21
49 0 8 16 21 13 19 11 3 2 1 6 23 15 7 17 12 4 9 46 5 10 18 14 22 26 29 33 28 20 25 40 32 24 43 35 27 30 34 37 42 47 39 31 38 44 36 41 45 48
39 37 38 36 34 33 35 31 29 30 32 20 18 17 19 15 16 12 10 9 11 7 0 47 4 8 5 6 3 2 1 14 13 22 21 23 24 27 25 26 28 40 43 41 42 44 46 45
18 17 15 12 13 14 20 21 22 25 26 24 23 19 7 8 9 6 5 2 1 0 11 10 4 3 16 29 28 27
22 31 40 7 14 30 23 37 17 11 49 0 6 1 25 46 8 39 13 32 44 16 24 29 42 18 43 47 12 33 15 3 45 28 10 5 35 9 36 27 19 20 4 41 26 34 21 48 2 38
0 4 3 5 1 2
42 41 27 40 11 37 5 43 16 45 26 12 31 22 39 23 21 0 33 19 18 10 17 20 13 9 44 25 24 2 29 14 35 8 47 15 46 6 7 3 4 32 1 28 38 36 30 34
9 0 1 2 3 4 5 6 7 8
3 4 2 0 1 5
6 4 2 7 9 11 13 15 17 19 21 23 25 27 29 31 33 35 37 39 41 43 45 47 49 0 1 3 5 48 46 44 42 40 38 36 34 32 30 28 26 24 22 20 18 16 14 12 10 8
43 24 5 48 40 28 1 39 30 31 7 42 6 17 35 22 12 34 10 8 0 41 11 37 3 13 16 4 46 18 38 47 15 23 14 45 20 2 36 21 44 19 29 9 49 25 27 26 33 32
49 46 43 40 37 34 31 28 25 22 19 16 47 13 10 7 4 1 48 45 42 39 36 33 30 27 24 21 18 15 12 9 6 3 0 2 5 8 11 14 17 20 23 26 29 32 35 38 41 44
32 30 31 18 22 23 10 14 15 2 3 5 4 45 44 42 43 6 7 12 13 9 16 1 8 11 24 17 19 21 20 25 41 0 47 34 38 39 26 27 28 29 40 33 35 36 37 46
12 1 7 8 5 16 13 25 18 21 9 11 0 6 10 2 4 15 26 19 23 3 27 24 14 20 17 22
25 39 43 13 10 2 9 0 31 49 47 1 46 36 32 27 38 26 6 18 14 44 30 15 4 21 16 24 12 11 41 35 34 17 20 5 37 19 22 28 45 40 3 8 7 23 33 42 29 48
49 1 0 2 3 4 5 6 7 8 9 10 11 12 13 14 15 16 17 18 19 20 21 22 23 24 25 26 27 28 29 30 31 32 33 34 35 36 37 38 39 40 41 42 43 44 45 46 47 48

48 0 27 22 11 19 13 8 38 34 42 14 15 2 41 39 29 25 9 3 31 26 21 24 6 30 16 20 37 49 43 1 7 18 33 28 32 36 47 12 17 44 4 35 23 45 10 5 46 40
37 22 33 14 9 24 25 12 44 13 6 46 7 47 29 5 40 42 8 2 41 35 30 0 48 43 10 17 49 4 26 28 15 11 21 39 34 19 18 23 20 27 3 45 16 32 1 31 36 38
48 19 32 45 44 18 3 36 10 46 17 49 23 33 24 0 11 16 22 2 34 12 30 15 1 13 14 35 25 27 37 9 29 5 28 21 26 42 39 8 41 43 4 7 31 6 38 40 20 47
11 15 12 7 3 8 9 6 4 0 5 14 1 2 10 13
43 40 41 44 25 42 20 19 0 37 4 23 45 46 28 10 2 14 17 12 5 34 11 36 8 22 9 48 1 39 16 26 15 38 30 3 6 31 33 18 13 32 21 47 7 27 35 24 29 49
29 35 10 25 34 11 4 21 24 5 31 1 19 27 6 47 16 12 15 39 30 2 23 3 9 14 0 26 38 33 8 28 41 45 7 22 46 18 43 37 13 49 17 36 40 42 32 20 48 44
43 27 20 23 8 36 22 2 31 26 18 28 14 48 25 3 49 7 13 38 10 24 9 34 12 0 4 6 42 5 21 33 39 1 11 15 19 29 32 16 30 41 40 17 45 35 37 47 44 46
4 2 6 8 1 5 3 9 0 7
49 35 18 15 39 37 20 34 21 22 24 2 30 7 5 1 46 19 28 29 43 38 42 10 14 25 44 11 4 33 13 16 12 41 9 40 26 8 27 17 3 31 6 23 0 32 36 45 48 47
36 31 5 23 41 0 3 8 10 12 11 7 47 4 37 14 30 29 26 43 1 40 32 22 42 15 39 2 33 28 9 25 17 18 27 24 46 45 35 6 20 21 13 49 34 19 44 16 48 38
18 16 14 12 10 8 6 4 2 0 1 3 5 7 9 11 13 15 17 19
27 21 24 23 25 28 20 1 5 0 2 7 3 9 4 8 13 10 19 11 29 6 45 46 42 47 43 40 49 32 34 37 30 31 36 44 41 16 12 14 15 35 33 39 38 18 17 26 48 22
39 7 22 43 27 17 2 40 47 8 5 42 26 24 19 18 1 28 29 10 4 45 16 3 31 32 12 36 9 15 49 46 14 23 6 35 33 30 0 13 38 11 41 37 20 44 21 25 34 48
35 8 44 0 40 1 39 36 19 33 38 17 43 3 18 47 22 16 5 11 15 12 9 20 49 25 13 2 48 7 24 29 6 31 46 32 45 30 23 34 27 4 21 10 42 37 14 26 41 28
49 4 46 24 18 41 15 3 0 13 17 43 11 28 23 7 44 16 8 10 21 14 9 33 31 34 19 32 2 26 40 5 36 39 27 42 35 45 12 25 38 22 30 1 6 29 47 20 48 37
3 1 0 5 2 4
16 12 26 27 17 6 29 21 19 2 25 14 3 13 23 20 10 1 15 5 11 4 7 9 28 18 22 8 0 24
5 6 1 0 8 2 4 7 3 9
37 42 35 39 33 26 40 15 34 41 18 13 17 23 46 24 21 49 29 48 16 44 19 31 6 12 20 7 14 2 27 38 45 3 10 25 8 1 22 9 43 4 36 11 0 28 5 30 32 47
19 18 27 16 17 1 2 3 4 6 12 11 10 9 8 7 0 5 13 14 15 25 22 23 24 21 20 26
27 1 19 16 10 43 41 7 22 31 30 12 15 6 17 33 24 0 46 47 11 38 39 8 9 21 3 34 4 29 13 2 42 45 25 23 44 49 14 26 18 20 37 5 48 40 32 35 28 36
40 47 33 2 29 35 18 49 19 13 27 12 26 31 1 9 37 8 5 17 14 44 34 45 36 38 0 39 28 3 48 46 6 32 4 43 25 7 42 20 16 21 22 10 24 30 23 11 15 41
32 31 25 26 27 28 29 30 19 20 21 22 24 16 8 0 41 42 43 44 45 46 7 6 5 4 3 2 1 14 13 12 11 10 9 15 18 17 23 39 40 33 34 35 36 37 38 47
39 29 7 32 6 12 19 42 1 45 4 31 10 13 0 14 23 11 24 5 25 20 18 2 40 16 34 9 27 21 26 3 46 44 43 48 38 8 49 22 36 41 33 15 47 30 28 35 17 37
47 46 43 42 39 38 35 34 31 30 27 23 22 21 20 19 18 17 16 15 14 13 12 11 10 9 8 7 6 5 4 26 25 1 3 2 0 24 28 29 32 33 36 37 40 41 44 45 48 49
40 45 43 37 35 36 33 30 34 31 28 20 19 17 4 46 15 13 10 5 2 44 9 6 49 22 23 27 25 21 3 29 26 24 18 16 14 12 11 1 47 7 8 0 48 32 39 38 42 41
34 27 28 29 36 35 20 19 25 24 23 22 9 8 7 6 5 4 3 2 1 0 14 15 16 17 11 12 47 46 10 13 18 21 41 40 39 38 26 37 30 31 32 33 42 45 44 43
15 0 8 5 17 19 3 4 9 6 14 11 2 18 10 1 7 16 13 12
48 47 46 45 44 43 42 41 40 39 38 37 36 35 34 33 32 31 30 29 28 27 26 25 24 23 22 21 20 19 18 17 16 15 14 13 12 11 10 9 8 7 6 5 4 3 2 1 0 49
32 40 5 36 0 34 20 30 27 43 48 38 8 45 31 46 1 9 7 42 11 13 39 33 21 17 2 49 16 35 41 22 4 19 24 3 6 28 10 29 15 14 47 23 12 44 25 18 26 37
38 2 13 27 15 28 41 45 6 12 1 0 4 43 20 23 46 35 30 18 44 32 11 7 21 29 25 22 49 9 31 8 24 37 14 47 42 3 26 5 39 33 17 48 19 16 34 10 40 36
47 15 19 41 42 7 45 36 21 31 49 6 18 25 27 22 5 0 34 39 43 44 38 24 9 1 29 32 2 20 46 8 35 10 13 40 12 37 11 23 3 48 14 17 26 4 16 30 28 33
38 36 24 23 27 7 12 4 30 10 48 39 13 3 42 41 9 11 22 15 8 5 19 17 49 34 29 20 1 31 37 2 16 28 45 18 43 40 0 21 46 6 25 33 14 35 26 47 32 44
9 0 1 2 3 4 5 6 7 8
39 21 27 33 15 40 22 28 44 3 38 20 13 31 1 25 14 32 24 0 30 12 19 18 36 26 35 17 41 23 11 10 9 8 7 6 5 4 2 47 29 45 37 43 34 16 46 42
34 9 47 12 33 46 10 40 45 1 30 0 38 21 29 31 16 43 17 25 32 23 28 18 36 13 7 20 27 35 39 3 8 2 5 4 42 19 44 11 6 41 14 37 48 22 49 15 26 24
43 42 41 44 45 46 39 38 37 36 33 34 35 24 23 15 8 0 40 6 5 4 1 2 3 7 14 13 12 9 10 11 16 22 21 20 17 18 19 27 26 25 28 29 30 32 31 47
