42 41 30 32 16 48 40 8 29 39 44 36 35 23 17 24 33 14 28 5 2 26 25 12 21 27 38 10 50 45 20 49 43 3 4 46 15 34 31 13 18 6 11 22 1 47 9 19 7 37
44 9 45 13 43 15 40 19 38 21 37 35 25 33 20 31 14 29 7 8 27 3 1 2 26 5 4 6 28 11 10 12 30 17 16 32 23 34 24 36 39 22 42 18 41 46 47 48 49 50
26 40 25 34 18 37 9 48 20 46 19 32 13 36 8 33 10 45 16 39 15 49 21 47 6 28 2 27 4 1 14 41 24 35 12 38 23 42 22 30 5 29 7 31 3 44 11 50 17 43
49 3 25 6 2 37 14 48 34 40 10 24 1 33 5 12 9 20 42 7 32 4 18 28 46 39 44 29 30 38 21 16 19 36 43 23 22 35 8 31 13 17 15 11 26 45 27 41 47 50
45 9 18 44 7 5 27 11 10 24 4 17 20 34 19 47 49 23 41 38 26 33 22 8 12 15 40 32 6 1 35 31 48 21 42 13 16 29 46 25 2 39 30 14 37 3 36 28 43 50
12 3 14 16 13 7 4 5 6 10 11 9 1 2 8 15
45 39 27 15 21 29 14 26 4 36 3 38 19 46 9 7 40 5 28 11 31 23 20 33 16 6 44 35 24 34 10 8 42 12 17 2 50 13 47 1 48 22 30 37 41 25 18 43 32 49
42 25 1 21 7 15 33 6 28 10 20 39 47 2 3 13 11 48 40 22 35 41 24 19 17 12 49 23 34 14 36 5 43 27 31 30 32 8 44 16 29 45 9 18 4 37 50 26 38 46
29 28 27 26 25 24 23 22 21 20 19 18 17 16 15 14 13 12 11 10 9 8 7 6 5 4 3 2 1 30
46 48 45 33 49 36 47 37 50 29 41 28 44 27 40 23 32 21 34 17 18 15 14 12 9 8 6 3 1 2 4 5 7 10 11 13 16 20 26 19 24 22 39 25 42 30 35 31 38 43
4 6 3 1 2 5 7 8
42 49 27 18 5 36 8 29 19 7 43 21 20 15 4 1 41 31 50 6 16 14 17 44 38 45 25 33 32 23 3 30 48 9 47 34 39 22 40 24 26 2 28 11 13 12 10 37 35 46
48 37 28 17 11 40 16 33 49 21 23 29 50 15 31 5 45 6 32 43 7 24 46 35 4 26 13 14 41 10 18 34 1 12 47 8 36 22 38 3 19 27 20 2 25 30 42 44 9 39
37 4 38 27 30 21 40 43 32 36 2 13 5 28 46 3 34 22 35 31 17 7 12 16 25 24 15 45 44 26 48 29 6 14 50 18 8 1 9 42 41 49 23 47 20 10 19 11 33 39
45 12 32 9 38 25 26 16 39 3 8 29 42 48 21 34 11 37 36 33 40 41 14 44 27 13 43 2 4 5 15 31 23 30 10 22 20 47 18 28 50 6 49 1 19 7 17 35 24 46
16 40 49 8 33 24 32 3 7 36 19 14 45 29 23 31 35 22 5 30 39 50 25 2 4 28 9 34 18 20 41 13 17 42 15 48 11 27 6 47 12 43 10 26 46 21 44 1 37 38
46 49 31 50 33 18 29 10 25 37 26 38 45 17 30 12 16 23 6 47 19 24 5 11 28 39 43 22 36 27 35 44 42 9 40 8 21 1 4 2 15 3 32 41 7 14 34 13 20 48
47 6 9 8 7 14 18 19 11 10 12 13 17 16 15 22 20 21 23 24 25 37 36 34 35 27 26 29 28 30 33 32 31 38 42 43 44 45 48 1 2 3 4 5 41 40 39 46
1 6 2 5 3 4
46 36 38 28 48 9 11 43 15 10 49 50 27 31 6 1 13 40 18 47 20 23 12 30 29 33 42 22 32 17 21 5 14 41 24 26 25 39 4 44 19 3 35 7 16 45 34 2 8 37
47 24 36 15 46 16 43 8 22 30 1 38 41 10 12 5 40 23 2 39 7 42 19 34 20 27 33 6 18 13 50 4 11 45 48 37 17 25 32 29 44 26 3 14 9 31 21 28 35 49
43 34 7 30 24 29 14 26 11 8 37 9 42 15 31 25 44 2 12 17 32 6 5 23 27 20 16 3 13 40 22 39 1 10 4 18 36 19 28 21 41 33 35 38
1 2 3 4 5 6 7 8 9 10 11 12 13 14 15 16 17 18 19 20 21 22 23 24 25 26 27 28 29 30 31 32 33 34 35 36 37 38 39 40 41 42 43 44 45 46 47 48 49 50
16 3 8 11 19 9 26 24 15 2 6 12 21 22 18 20 14 13 17 4 1 7 25 5 10 23
19 11 5 4 9 15 13 10 12 14 17 3 1 18 2 8 7 6 20 16
43 47 32 41 48 50 39 24 23 3 36 2 11 6 30 45 4 1 20 25 13 5 14 28 10 12 21 17 7 44 9 38 49 16 33 29 27 15 31 26 18 35 37 19 34 40 22 46 8 42
36 18 26 6 9 24 11 29 1 22 10 46 15 44 16 38 23 17 41 4 34 43 47 5 8 13 2 48 49 33 25 14 37 21 40 3 32 45 7 20 12 31 42 27 30 35 28 50 19 39
50 21 47 48 2 33 36 17 26 15 29 8 7 10 12 19 22 37 44 5 18 1 49 16 41 6 30 32 23 42 27 39 24 34 25 43 45 9 28 13 14 35 38 4 31 11 3 20 40 46
50 48 25 17 49 12 28 46 9 11 37 20 26 47 22 38 5 7 29 10 1 32 35 18 21 44 6 31 45 36 4 23 42 8 30 15 27 13 41 2 3 34 43 24 19 40 33 14 16 39
49 45 44 37 39 31 40 34 24 20 14 7 3 2 1 6 4 5 8 11 16 21 15 10 18 13 9 17 22 12 23 28 30 43 48 42 47 35 46 36 25 29 33 19 27 32 26 38 41 50
39 45 32 41 22 2 40 10 49 36 14 9 31 21 6 18 20 24 27 34 11 50 13 8 35 7 16 3 12 37 23 46 33 38 15 26 42 28 48 17 1 4 29 5 19 47 30 43 25 44
48 45 43 38 30 35 27 22 11 19 14 15 12 7 6 4 1 2 3 5 8 9 10 13 16 17 18 20 21 24 25 26 23 28 29 32 33 34 31 36 37 40 41 42 39 44 46 47
47 15 31 9 40 6 48 20 35 12 27 28 34 44 13 22 42 4 39 25 1 29 30 26 41 43 10 49 16 38 23 21 24 18 19 37 7 36 8 45 33 17 11 32 5 14 3 50 2 46
50 35 25 20 37 12 48 8 38 18 45 11 27 42 49 22 10 3 17 2 31 36 16 39 24 28 19 9 44 4 23 34 26 7 13 47 6 33 21 30 15 14 1 41 29 32 5 46 40 43
48 10 31 46 19 43 15 32 29 4 8 42 1 30 49 37 18 33 9 23 22 44 27 5 17 38 14 25 6 45 3 2 12 16 47 13 40 34 41 24 28 21 7 50 11 39 20 26 35 36
45 46 38 34 35 27 23 26 25 20 24 21 17 15 16 12 13 9 10 8 4 3 2 1 5 7 11 6 14 19 18 22 30 29 28 32 31 33 37 40 36 41 42 39 43 44 48 47
47 50 38 41 26 31 20 33 29 35 17 45 32 43 37 42 36 27 19 48 40 22 25 49 30 24 11 15 10 14 1 12 6 7 8 3 4 9 2 5 13 28 16 23 44 39 18 34 46 21
29 28 26 27 19 18 16 17 7 6 8 9 1 2 3 4 5 10 11 12 13 14 15 21 22 23 24 25 20 30
26 33 5 18 24 29 20 23 38 50 32 9 21 6 46 41 34 15 27 8 39 28 12 13 25 11 42 3 7 19 37 36 35 16 17 45 31 47 2 4 22 44 40 14 10 1 48 43 30 49
37 42 1 4 11 9 47 46 36 7 21 50 14 22 49 35 20 30 31 25 28 19 18 26 10 40 17 45 12 13 2 5 48 34 29 3 41 33 15 44 27 8 16 43 23 38 32 6 24 39
49 37 27 46 43 21 38 6 14 3 24 26 5 30 4 9 40 45 50 17 36 33 34 25 10 19 48 41 12 1 20 18 44 11 28 42 8 7 16 13 39 22 15 31 32 23 29 35 2 47
36 9 45 39 25 10 43 8 46 37 27 35 40 20 48 29 22 32 50 7 19 23 28 26 14 11 6 1 44 34 38 12 2 47 21 3 33 30 24 16 13 41 18 31 17 5 49 15 4 42
48 33 30 43 31 27 24 44 14 46 8 35 22 28 41 6 12 29 20 34 19 3 32 16 1 2 11 18 40 5 39 4 23 15 13 50 25 49 7 47 21 38 9 17 10 37 36 42 26 45
9 4 6 2 3 7 1 5 8 10
44 46 9 47 1 32 31 33 2 36 3 42 41 43 38 24 49 20 29 25 30 10 37 7 8 39 15 35 14 16 40 34 18 45 17 19 26 22 21 23 27 5 4 6 28 12 11 48 13 50
36 48 25 40 23 35 17 10 2 9 12 49 3 27 13 34 21 4 28 11 5 43 50 32 30 31 18 24 8 6 44 20 7 33 26 37 22 1 14 39 19 45 15 42 16 29 47 46 41 38
40 15 38 27 34 47 21 41 44 6 10 49 36 31 7 37 12 4 42 17 23 11 35 48 30 5 25 33 32 1 29 22 8 19 20 39 24 13 3 2 46 28 43 50 18 9 26 16 14 45
39 20 19 38 46 8 36 7 48 50 29 5 10 33 43 3 35 11 44 26 49 45 9 23 40 4 24 22 16 17 18 25 47 41 2 32 6 30 1 12 13 14 15 21 37 27 34 28 31 42
46 18 9 28 14 17 15 34 21 5 49 50 1 40 48 27 3 20 6 35 39 24 12 11 32 7 26 38 2 4 43 16 36 37 42 22 23 41 33 13 45 8 19 29 31 10 47 25 30 44
42 37 35 10 7 5 40 6 46 34 22 18 9 15 21 48 36 31 20 19 43 2 17 14 44 25 27 39 32 49 41 30 24 50 11 4 1 38 12 29 45 16 13 47 3 28 8 23 26 33
13 43 31 42 20 6 35 38 24 23 1 33 17 18 14 2 46 47 3 40 11 39 9 10 27 7 5 45 32 29 12 36 49 21 4 48 37 30 41 15 25 22 8 26 19 28 16 34 44 50
41 38 47 39 14 6 12 9 27 5 8 28 4 50 48 20 21 13 26 46 17 31 10 45 22 34 29 16 23 1 15 3 30 2 37 35 43 32 44 40 33 7 25 36 24 11 19 18 42 49
50 3 25 39 36 4 15 32 2 48 22 1 14 26 17 12 19 8 24 18 20 49 44 33 29 35 13 38 34 27 6 28 37 40 7 23 41 9 11 5 31 43 21 46 10 30 45 16 42 47
17 18 9 16 4 21 11 12 2 8 6 7 1 3 20 13 5 15 19 10 14 22
48 44 43 38 37 33 28 32 29 25 20 24 21 17 12 16 13 9 10 7 5 1 2 3 4 8 11 6 14 19 15 18 22 27 23 26 30 35 31 34 36 40 39 42 41 45 46 47
50 24 49 11 47 17 37 14 28 7 35 38 29 21 2 30 39 3 16 33 25 1 9 45 32 23 10 13 4 31 6 20 43 40 27 8 15 19 22 48 41 46 26 12 5 36 44 34 18 42
2 1 3 4
10 1 9 2 4 3 5 7 6 8
50 43 42 46 47 41 39 30 36 32 34 38 35 37 31 26 25 28 23 24 27 21 19 22 18 10 16 12 6 1 2 4 8 3 5 7 14 15 17 11 9 13 20 29 33 40 45 44 48 49
49 19 5 44 21 27 14 15 13 34 23 17 29 41 47 37 9 1 28 32 2 33 42 11 20 36 30 45 4 48 18 6 12 43 3 24 46 7 8 40 26 35 38 31 25 22 16 10 39 50
49 22 28 24 41 40 47 3 13 1 45 33 37 38 16 27 48 14 19 31 50 15 23 35 44 6 30 39 21 32 10 9 18 46 7 12 26 34 2 5 17 4 20 11 29 25 36 42 8 43
47 22 46 45 43 40 39 24 48 23 31 21 19 44 20 35 36 12 10 11 29 15 13 38 14 34 33 25 32 8 7 9 28 3 1 2 26 27 5 4 30 17 42 18 37 16 41 6 49 50
49 23 40 32 38 46 22 3 39 36 35 5 9 34 15 44 4 6 13 37 14 45 20 30 11 2 43 41 28 25 50 18 17 19 8 26 1 16 42 12 24 10 29 27 48 21 31 7 47 33
4 2 1 3
49 28 45 17 1 9 42 2 18 31 4 43 20 32 13 24 50 3 19 7 39 34 5 48 6 10 15 38 23 46 35 22 33 14 47 21 40 26 25 37 16 44 27 8 30 12 11 36 41 29
36 37 38 39 40 41 42 43 44 45 46 47 48 49 50 26 25 24 23 22 21 20 19 18 17 16 15 14 13 12 11 10 9 8 7 6 5 4 3 2 1 32 31 30 29 28 27 33 34 35
20 21 19 16 6 13 23 22 9 31 18 26 34 1 24 27 14 29 33 8 37 40 10 2 39 25 17 15 4 3 11 32 35 5 28 12 7 38 36 30
49 47 46 44 41 39 38 36 33 31 30 28 25 23 22 20 17 15 14 12 9 7 6 2 4 3 1 5 8 10 11 13 16 18 19 21 24 26 27 29 32 34 35 37 40 42 43 45 48 50
40 11 1 38 10 47 24 32 31 37 20 2 19 34 46 3 44 9 15 39 33 50 13 28 45 18 35 25 26 16 27 7 29 22 41 14 21 4 6 12 8 36 23 17 48 5 43 30 49 42
44 47 40 48 39 43 45 42 30 23 37 36 27 6 7 2 4 3 13 11 8 1 17 22 15 10 32 18 28 24 25 12 21 9 14 19 20 5 16 26 29 31 34 46 38 41 33 50 35 49
9 4 6 1 3 8 5 2 7 10
48 46 45 43 42 41 34 33 31 28 24 21 19 20 16 15 17 18 10 9 8 7 6 5 4 3 1 2 50 11 12 13 14 22 23 25 26 27 29 30 32 35 36 37 38 39 40 44 47 49
40 34 6 32 16 24 10 13 7 43 3 21 15 30 25 37 33 23 9 18 4 20 8 41 42 19 14 47 17 28 38 45 35 48 44 1 26 2 49 11 12 31 36 27 39 22 5 50 29 46
47 46 45 41 36 40 39 37 33 28 32 31 29 25 20 24 23 21 17 12 16 15 13 9 10 8 4 3 2 1 5 7 11 6 14 19 18 22 27 26 30 35 34 43 42 44 48 38
11 12 15 9 4 3 1 13 8 5 7 16 17 2 18 6 10 14
25 2 1 28 11 5 21 3 26 10 13 18 24 9 6 16 19 4 17 20 7 23 15 12 27 8 14 22
38 28 18 23 32 35 8 37 40 14 20 27 34 33 7 6 24 1 22 25 2 4 26 5 12 29 13 19 36 15 3 21 11 30 31 10 16 17 9 39
50 29 34 1 25 2 11 12 41 18 9 35 21 32 31 23 37 5 4 44 42 26 3 47 39 8 20 14 16 49 43 17 33 45 15 38 6 28 27 24 10 36 19 46 7 30 13 22 48 40
37 8 34 35 5 30 17 13 47 9 49 7 43 32 11 21 1 45 25 48 10 3 46 38 15 24 33 14 39 31 18 6 2 20 28 23 36 44 4 41 40 29 16 12 22 19 42 26 27 50
49 47 46 44 41 39 38 36 33 31 30 28 25 23 22 20 17 15 14 12 9 7 6 5 4 2 1 3 8 10 11 13 16 18 19 21 24 26 27 29 32 34 35 37 40 42 43 45 48 50
35 34 37 47 20 19 42 4 27 49 6 2 1 50 48 28 11 3 23 41 22 15 21 39 31 32 9 13 16 12 14 33 38 8 7 10 5 40 26 45 44 24 36 43 30 17 18 25 29 46
49 24 9 29 23 22 45 17 16 27 2 28 37 19 50 30 1 39 6 26 14 10 11 31 21 5 40 15 46 36 41 12 34 32 47 8 42 20 43 13 35 3 38 18 48 7 4 25 33 44
47 41 20 27 46 31 17 45 34 7 38 36 19 13 32 22 25 21 30 23 44 33 4 48 9 24 10 18 3 40 2 12 11 14 6 1 26 5 16 15 50 49 8 39 42 29 37 35 28 43
50 21 28 1 16 32 33 3 38 26 23 48 5 15 27 42 4 45 9 8 39 22 10 47 11 40 20 34 19 25 41 43 30 7 13 6 44 17 29 2 14 37 31 35 18 46 12 49 24 36
43 42 10 49 31 48 4 1 40 34 17 32 44 22 47 39 38 33 30 16 27 36 5 9 24 18 35 20 14 23 45 11 7 28 37 19 13 21 3 26 12 6 8 29 25 41 2 46 15 50
30 27 25 24 22 19 17 16 14 11 9 8 6 3 1 2 4 5 7 10 12 13 15 18 20 21 23 26 28 29
48 43 42 1 49 40 45 44 46 47 41 39 30 36 32 26 25 24 28 23 22 19 21 27 33 34 38 35 37 31 29 20 13 9 11 17 15 14 18 10 16 12 8 4 6 2 3 5 7 50
46 35 48 23 28 50 1 31 5 43 8 37 22 42 17 38 3 10 18 15 29 7 49 11 27 14 47 36 41 2 32 45 34 24 33 25 21 6 19 16 30 12 40 4 9 26 20 39 13 44
4 3 1 6 2 5
43 34 30 32 7 20 46 26 15 37 4 16 40 28 41 21 33 13 48 19 47 31 17 42 24 11 1 44 29 22 2 6 38 27 9 10 5 50 18 36 14 12 8 23 45 49 3 35 25 39
46 29 40 31 21 39 37 7 4 26 33 18 24 30 9 45 32 13 6 22 42 20 10 12 2 19 14 3 38 41 11 5 28 47 25 50 27 15 1 43 36 49 23 8 17 48 16 35 34 44
28 19 6 29 10 31 14 21 24 12 30 15 2 3 16 18 22 27 8 9 5 20 7 25 13 11 17 1 26 4 23 32
47 29 44 46 16 36 9 14 49 30 39 18 6 38 1 19 41 11 4 35 8 12 27 24 34 15 45 40 42 31 26 32 5 17 43 22 20 21 2 7 33 3 23 10 28 50 25 13 37 48
4 5 6 8 1 2 3 7
46 16 2 47 8 50 48 36 26 11 41 17 45 27 33 4 40 20 1 31 10 5 13 19 9 37 23 35 25 32 24 22 39 14 21 3 34 30 28 38 7 6 15 12 29 49 18 44 42 43
37 50 38 28 7 36 3 39 1 47 24 32 16 48 46 8 43 17 11 25 42 13 26 12 31 18 9 23 34 41 15 20 14 33 10 19 4 22 44 5 29 2 35 6 30 49 27 21 45 40
10 44 30 34 23 4 20 15 43 27 24 40 21 31 29 14 26 2 48 50 25 39 22 17 3 33 11 7 38 37 47 13 32 16 46 36 42 12 28 5 35 18 6 45 9 49 19 1 8 41
49 39 34 41 48 12 17 7 13 33 44 5 29 43 10 40 9 50 21 46 20 31 22 16 35 38 27 18 30 6 8 11 2 14 45 4 32 37 42 19 26 1 23 15 36 24 3 25 28 47
3 2 1 16 15 14 13 12 11 10 9 8 7 6 5 4
8 3 1 6 5 10 2 9 4 7
4 5 6 1 2 3 8 7
10 5 1 2 6 4 3 7 8 9
42 12 48 17 36 18 32 26 20 41 9 21 8 22 29 24 45 2 19 5 14 16 27 4 35 37 38 6 7 44 13 1 23 39 3 25 10 28 46 34 30 47 15 40 31 11 33 43
42 28 19 31 48 17 50 14 10 9 40 2 37 3 24 49 1 26 43 13 23 12 46 22 38 6 27 30 29 47 4 36 41 5 16 7 25 8 34 39 15 35 32 44 20 11 33 21 18 45
50 47 44 41 38 35 32 29 26 23 20 17 14 11 8 5 2 1 3 6 9 15 18 21 24 27 30 33 36 39 42 45 12 7 10 13 16 19 22 25 28 31 34 37 40 46 49 43 48 4
40 34 36 33 24 46 1 47 8 2 17 35 43 44 9 42 48 45 22 19 32 3 28 27 5 10 23 37 14 18 31 38 29 20 12 7 13 11 21 26 6 15 30 39 4 16 25 41 50 49
41 5 38 2 39 43 22 12 16 45 28 14 3 17 9 34 4 29 37 8 26 21 36 47 6 32 25 33 50 20 30 1 7 46 13 11 19 10 49 23 48 24 35 27 31 40 15 18 44 42
49 17 50 21 5 39 28 12 35 4 24 43 27 1 16 3 34 36 37 47 30 44 29 13 10 38 8 9 31 33 2 40 25 15 26 45 7 18 11 14 22 42 32 46 23 48 6 19 41 20
10 2 3 22 6 11 5 20 18 17 19 13 14 16 7 8 21 15 12 4 1 9
47 41 45 20 19 14 18 12 17 16 15 13 11 30 10 8 9 2 3 7 5 4 6 1 21 27 24 26 29 22 25 28 23 39 36 32 46 49 50 43 48 33 37 34 31 40 38 35 42 44
3 2 6 1 5 4
24 21 19 14 6 11 3 2 1 4 7 8 5 9 12 10 13 16 15 18 17 20 22 23
48 42 46 32 44 26 36 23 50 20 33 16 27 14 35 10 9 8 6 7 31 3 47 2 12 1 41 4 17 5 28 11 25 13 24 15 22 18 29 19 43 21 39 30 37 34 40 38 45 49
50 43 40 41 42 35 32 33 34 26 30 27 28 20 18 19 21 12 10 11 13 4 3 2 5 1 9 7 6 8 17 15 14 16 25 23 22 29 31 38 37 36 39 46 45 44 47 24 48 49
43 37 39 24 38 21 13 12 28 20 47 18 27 6 46 17 16 35 25 42 9 4 34 5 1 8 33 7 44 26 19 48 2 30 3 49 29 10 32 11 31 14 22 15 40 23 45 50 36 41
43 4 46 48 20 16 36 22 26 35 32 15 21 28 1 18 7 14 23 44 25 12 27 31 13 33 40 11 50 42 45 9 5 29 6 2 19 3 8 41 10 39 17 47 30 34 24 37 38 49
17 11 1 9 10 6 8 5 18 14 15 20 12 3 4 2 19 13 7 16
46 47 11 6 14 18 15 17 22 1 24 33 8 7 2 9 4 12 16 36 30 10 25 5 29 32 35 34 13 41 38 40 3 45 42 39 43 37 44 23 20 21 31 19 27 26 28 48
38 36 45 16 1 2 32 31 9 12 44 24 40 23 5 6 41 10 26 14 42 50 15 22 19 21 33 3 39 25 4 17 43 18 11 27 7 28 35 8 37 29 49 13 46 20 30 47 34 48
43 22 8 12 41 13 37 32 26 9 38 40 34 24 31 4 50 25 45 28 11 29 39 17 3 6 15 18 36 2 44 33 19 1 49 42 14 20 7 27 16 30 10 5 48 47 21 35 23 46
43 11 26 13 16 34 46 1 3 37 10 35 47 42 21 31 8 24 12 32 7 49 28 5 29 39 33 36 20 18 45 25 30 23 44 38 2 40 48 17 22 9 27 14 19 4 15 50 6 41
40 23 39 15 37 20 14 28 3 29 18 21 2 11 7 9 27 8 25 1 4 19 17 24 10 6 33 30 22 26 12 16 5 34 36 31 38 32 13 35
43 32 35 39 44 23 27 50 34 37 8 48 13 24 11 19 7 28 36 42 29 10 5 3 40 4 9 25 30 22 18 21 1 31 14 17 2 26 49 6 16 47 46 12 33 38 15 45 20 41
47 34 35 50 17 43 33 42 26 12 22 40 13 2 8 37 20 3 1 36 31 6 49 18 39 48 30 24 28 29 21 27 46 38 23 4 19 32 15 16 14 44 5 11 7 9 41 25 10 45
37 4 38 27 30 21 40 43 32 36 2 13 5 28 46 3 34 22 35 31 17 7 12 16 25 24 15 45 44 26 48 29 6 14 50 18 8 1 9 42 41 49 23 47 20 10 19 11 33 39
8 49 29 25 39 18 5 41 23 30 32 37 3 1 6 26 33 9 15 46 10 34 47 17 45 50 48 2 7 21 27 24 12 20 38 28 16 14 44 22 40 19 11 13 36 4 42 35 31 43
41 38 39 48 50 23 40 2 36 31 32 7 25 4 11 8 1 12 6 9 22 16 5 46 13 33 18 49 27 29 10 35 26 15 24 19 21 3 42 14 43 17 47 28 20 45 34 30 37 44
47 46 44 42 43 7 6 4 3 2 1 8 9 5 13 12 10 11 14 15 16 17 21 19 18 20 22 23 24 25 29 27 26 28 30 31 32 33 37 35 34 36 38 39 40 41 45 48
44 6 45 10 43 15 40 19 38 21 37 35 25 33 20 31 11 28 4 5 26 2 1 3 27 8 7 9 29 13 12 14 30 17 16 32 23 34 24 36 39 22 42 18 41 46 47 48 49 50
42 15 35 39 20 32 21 23 31 24 6 29 18 37 50 7 26 47 49 17 8 25 34 19 28 46 3 41 44 33 13 5 40 45 1 9 30 11 16 12 27 10 14 22 43 36 2 4 48 38
40 45 37 41 18 35 44 31 38 25 46 22 11 26 5 6 20 24 15 4 28 13 2 14 19 12 16 50 8 3 1 30 33 42 17 29 49 10 34 43 32 27 9 36 48 47 21 7 23 39
48 49 6 2 16 12 27 33 47 35 9 40 4 29 39 20 1 30 34 17 24 18 42 3 19 13 7 23 22 37 44 43 50 38 32 25 36 14 28 46 31 5 8 10 21 15 11 26 41 45
48 21 38 5 7 20 30 25 44 33 34 18 32 16 46 2 36 17 39 13 40 12 6 37 1 31 50 42 11 27 15 22 26 14 10 49 23 43 35 3 29 47 9 4 19 45 24 28 8 41
14 19 12 17 15 20 16 11 9 4 6 7 10 3 5 13 18 2 1 8
7 5 3 48 46 44 42 40 38 36 34 32 30 28 26 24 22 20 18 16 14 12 10 8 6 50 1 2 4 49 47 45 43 41 39 37 35 33 31 29 27 25 23 21 19 17 15 13 11 9
37 22 36 35 20 41 47 21 46 13 31 44 33 6 5 4 3 2 1 7 8 9 10 49 17 18 43 38 45 23 24 26 27 25 32 50 19 40 12 11 28 29 30 16 34 15 39 14 48 42
44 13 45 7 50 1 40 41 8 38 10 34 32 36 16 27 4 26 11 14 31 37 24 30 23 20 22 29 9 3 5 2 6 28 17 12 33 19 35 25 43 21 39 42 15 49 18 46 47 48
41 25 40 17 46 6 11 45 16 32 28 43 31 20 23 7 44 12 35 27 2 4 50 10 30 48 24 14 3 8 39 22 34 1 9 38 33 47 21 37 29 19 26 49 13 18 15 5 36 42
47 46 35 18 42 16 17 31 15 13 38 14 34 25 33 23 22 24 48 39 20 44 19 21 32 8 7 9 29 3 1 2 27 26 28 5 4 30 11 36 37 12 40 41 43 10 45 6 49 50
49 13 15 48 43 14 42 10 16 17 30 44 38 34 33 32 36 29 45 46 4 7 1 11 18 26 25 35 41 5 37 22 3 50 40 39 6 28 31 21 20 24 23 8 12 19 9 27 2 47
45 19 9 47 10 24 46 37 3 41 48 12 20 34 11 42 38 2 7 32 17 1 44 4 22 39 21 43 14 27 33 30 5 35 15 26 49 16 36 6 18 28 29 13 31 40 8 23 25 50
45 5 44 11 41 13 40 38 12 30 3 4 26 1 14 2 27 39 28 7 6 8 29 10 9 34 33 24 23 50 25 36 35 37 21 46 22 32 20 18 19 31 16 15 42 43 17 47 48 49
50 41 43 44 17 14 20 18 11 15 19 16 12 13 30 8 9 1 2 5 6 10 3 7 4 21 29 26 24 28 27 23 22 25 31 33 36 34 40 37 39 32 38 35 48 46 42 47 49 45
35 27 39 47 29 20 43 11 28 45 18 6 9 22 25 50 32 1 4 12 40 33 30 10 26 49 41 23 21 46 7 48 3 16 5 36 13 17 15 8 42 19 34 38 24 2 31 44 14 37
42 11 41 26 28 21 39 2 13 23 50 31 37 27 47 10 44 4 14 16 17 20 5 25 32 6 19 22 12 33 34 3 18 9 38 43 40 46 49 8 48 45 7 24 1 29 15 36 30 35
14 8 15 6 13 1 11 10 5 2 12 4 3 16 7 9
42 27 41 40 30 49 16 25 23 45 14 3 34 1 13 32 12 20 6 36 38 4 24 44 50 29 18 17 2 46 35 8 21 10 26 48 15 33 19 28 11 5 22 7 43 9 37 31 39 47
44 28 45 10 47 35 39 34 2 23 5 7 48 3 8 40 36 25 31 50 1 12 42 37 24 26 32 29 13 15 17 19 20 33 49 30 38 11 21 18 43 41 22 4 9 6 16 14 46 27
45 42 29 41 15 35 21 3 50 34 17 8 31 1 33 2 24 25 32 43 27 14 20 49 12 36 37 19 10 6 9 30 13 22 28 4 16 18 23 48 38 46 39 44 40 5 11 26 7 47
36 26 33 1 17 38 25 20 6 14 40 23 24 4 2 9 31 27 21 22 19 10 5 32 13 3 15 39 30 34 12 7 18 29 35 28 11 8 37 16
47 29 50 13 31 9 5 21 12 1 16 14 7 49 42 23 32 43 20 40 45 4 30 26 27 33 28 48 15 24 11 44 19 18 25 8 41 46 3 39 6 17 10 34 38 35 37 22 2 36
37 19 39 23 27 10 17 40 46 50 14 16 42 18 34 49 33 5 29 44 1 25 32 45 22 48 8 11 24 43 21 36 26 15 20 13 38 7 28 4 6 47 12 31 9 3 30 2 41 35
43 50 1 2 49 42 45 40 47 25 24 23 22 21 20 31 30 29 28 26 27 48 3 4 5 6 7 8 9 10 11 12 13 14 15 16 35 37 46 41 39 36 38 33 19 32 18 17 34 44
38 26 44 20 45 5 23 18 28 37 31 46 13 16 21 9 32 15 43 8 22 3 12 6 34 14 10 27 42 17 25 41 24 33 40 47 2 11 49 50 36 48 19 30 29 1 4 39 7 35
41 15 22 34 37 23 49 8 31 20 36 19 21 27 5 9 3 29 33 35 25 43 50 10 11 2 38 14 30 24 4 17 45 47 16 7 44 42 1 28 6 26 13 46 12 40 18 48 32 39
11 10 5 8 4 3 12 1 7 9 2 6
44 37 23 50 32 1 30 2 6 35 3 40 10 20 4 21 17 26 27 49 45 8 29 12 28 16 43 14 25 33 39 13 38 11 5 36 9 46 18 47 31 24 22 34 19 7 15 41 48 42
47 11 29 24 2 4 9 10 49 22 18 37 31 50 5 15 13 32 30 12 38 21 17 44 33 23 28 16 40 7 26 14 3 39 46 41 8 43 6 48 45 27 20 1 19 25 34 36 35 42
34 43 25 46 32 48 15 35 19 30 29 12 40 9 37 2 44 1 23 36 16 4 26 13 49 5 17 50 24 20 8 39 18 47 3 10 31 41 21 11 22 7 28 14 42 45 27 6 33 38
17 20 19 21 5 22 9 12 2 7 16 8 13 15 24 18 14 1 10 6 11 4 3 23
41 39 2 48 42 16 38 17 8 33 45 5 47 20 37 28 21 22 1 46 3 12 29 14 31 34 11 24 9 44 36 6 43 13 32 27 30 25 23 26 15 10 4 40 18 19 7 35
40 39 42 37 38 35 34 33 36 31 32 29 28 27 30 24 25 19 20 17 14 11 8 5 4 3 6 2 1 13 7 16 10 9 12 15 18 21 22 23 26 47 46 45 48 43 44 41
44 34 45 40 19 24 25 49 7 22 21 29 28 37 32 30 41 13 23 11 27 15 35 20 10 42 36 4 12 3 2 38 39 26 8 5 9 50 33 46 18 17 48 31 6 14 1 43 16 47
44 21 33 35 25 17 5 9 39 45 30 50 20 1 13 40 15 32 43 23 29 38 34 48 12 22 47 36 14 24 6 16 19 49 42 7 41 3 10 37 18 31 4 2 11 28 26 8 27 46
1 2 3 4 5 6 7 8 9 10 11 12 13 14 15 16 17 18 19 20 21 22 23 24 25 26 27 28 29 30 31 32 33 34 35 36 37 38 39 40 41 42 43 44 45 46 47 48 49 50
21 4 19 1 3 14 7 11 25 20 5 12 24 22 2 18 26 8 13 10 17 6 9 15 16 23
50 40 16 48 35 4 18 28 19 20 22 46 41 49 7 24 1 13 45 23 15 25 30 32 11 8 10 37 34 29 14 5 17 43 27 31 9 3 2 26 39 47 21 12 6 38 36 33 44 42
46 9 47 10 45 44 15 40 19 38 24 36 20 33 31 32 14 29 7 8 27 3 1 2 26 5 4 6 28 12 11 13 30 17 16 18 34 22 21 35 25 37 39 42 41 43 23 48 49 50
34 7 44 23 42 16 15 22 36 24 35 41 28 1 19 11 21 48 49 33 37 18 2 3 12 17 32 38 47 6 31 30 10 26 29 20 39 9 45 8 50 25 4 14 5 27 13 46 40 43
45 31 46 34 42 15 48 8 16 49 17 37 5 28 14 26 25 22 27 20 23 9 1 19 11 43 33 29 24 41 6 18 2 7 3 44 36 12 13 38 4 10 35 47 30 40 32 50 21 39
47 36 13 42 8 6 35 4 50 14 2 5 41 10 25 39 11 28 45 18 26 12 1 44 33 15 20 48 17 19 7 9 30 21 38 32 43 23 49 24 3 16 27 31 34 37 29 40 22 46
41 21 44 23 17 35 1 30 6 16 34 38 49 18 24 19 27 50 25 40 48 46 33 31 20 32 14 43 37 45 7 13 28 22 26 15 8 12 3 9 42 39 29 10 4 47 11 5 2 36
47 10 30 18 23 38 36 13 50 11 44 7 28 26 21 22 40 5 8 46 9 31 27 37 39 32 20 42 35 49 1 12 15 43 34 16 2 19 3 25 48 14 4 29 45 24 6 17 33 41
45 33 21 14 47 29 26 18 43 15 13 3 23 49 1 41 42 24 48 39 38 32 25 6 36 9 50 4 12 35 10 16 19 37 17 8 40 2 22 31 30 20 27 5 28 11 34 46 7 44
40 7 49 4 50 12 3 46 18 28 13 8 36 14 26 2 39 6 37 38 1 41 33 5 15 19 43 47 20 24 35 42 25 45 23 48 21 17 27 11 34 9 31 10 22 30 16 44 29 32
3 5 1 4 2 6
25 1 26 8 3 18 14 7 21 29 2 9 16 27 4 19 22 17 12 15 28 10 13 6 20 5 30 24 11 23
49 32 35 27 37 18 8 29 36 39 25 16 31 23 3 20 10 5 26 28 30 50 12 34 17 15 48 21 38 44 14 1 7 40 2 11 43 24 45 41 4 9 46 13 33 6 19 47 22 42
29 48 46 45 44 43 42 41 40 39 38 37 36 35 34 33 32 30 27 24 22 21 20 19 18 17 14 11 9 6 5 3 2 1 4 7 10 12 13 15 8 23 25 26 28 31 16 47 49 50
34 31 29 28 26 23 21 20 18 15 13 12 10 7 5 4 2 1 3 6 8 9 11 14 16 17 19 22 24 25 27 30 32 33
6 9 11 1 12 10 4 8 2 3 5 7
47 43 48 45 46 36 33 34 31 27 32 29 30 20 17 18 15 11 16 13 14 4 1 2 8 5 6 3 7 10 9 12 22 21 24 19 23 26 25 28 38 37 40 35 39 42 41 44
49 48 47 46 45 44 43 42 41 40 39 38 37 36 35 34 33 32 31 30 29 28 27 26 25 24 23 22 21 20 19 18 17 16 15 14 13 12 11 10 9 8 7 6 5 4 3 2 1 50
32 41 15 21 22 50 6 46 16 2 27 48 23 30 13 7 25 38 40 5 29 36 24 34 8 9 4 33 42 11 45 19 39 17 37 10 20 3 28 35 1 18 49 12 43 31 14 26 47 44
19 20 1 14 17 3 4 9 2 10 15 7 5 8 13 11 18 6 12 16
50 15 36 33 14 44 24 29 18 4 1 37 41 38 13 28 39 12 21 25 5 11 30 27 16 19 6 17 2 20 3 7 9 8 32 22 10 31 26 35 40 46 43 48 45 34 42 49 23 47
46 36 14 42 27 34 23 31 41 38 11 44 43 48 25 16 2 5 30 28 15 26 50 17 24 13 9 7 47 40 39 29 4 1 3 12 19 49 20 22 32 8 33 6 10 21 37 35 18 45
44 31 38 10 7 13 2 3 26 14 45 1 19 47 30 23 46 18 27 22 8 9 36 41 39 12 20 17 42 29 49 35 25 48 15 16 43 21 11 4 33 5 32 6 50 24 40 34 28 37
46 2 21 23 16 12 10 11 9 36 34 27 14 20 17 35 37 29 1 28 22 4 44 3 5 32 30 33 49 6 19 42 8 39 18 43 25 15 24 47 31 26 41 38 13 48 7 45 40 50
26 33 10 9 28 35 22 37 7 5 25 19 18 1 39 12 27 45 44 4 42 3 17 31 2 41 23 40 30 21 36 29 6 34 11 15 13 16 46 43 20 24 8 32 14 38
27 41 18 20 42 26 5 30 6 9 17 28 2 40 11 10 38 29 7 22 1 14 13 16 25 31 32 4 35 23 34 21 39 3 24 19 15 12 37 8 36 33
42 43 34 33 32 41 17 36 16 15 37 38 14 13 39 1 2 35 9 10 18 47 31 21 22 30 29 23 24 49 40 28 27 25 26 20 19 46 44 6 5 12 11 3 4 48 45 7 8 50
42 29 36 14 50 11 17 35 5 24 49 46 48 27 40 44 32 3 13 6 10 7 34 18 12 39 43 31 2 22 33 38 16 1 47 23 28 25 19 30 26 9 15 45 8 20 4 37 21 41
3 49 1 2 4 5 7 8 9 10 11 6 14 12 13 15 16 17 18 19 27 22 20 21 23 24 25 26 28 29 30 35 31 32 33 34 36 37 38 43 39 40 41 42 44 45 46 47 48 50
45 12 50 17 29 40 30 13 44 46 11 24 34 25 14 48 21 22 20 39 8 36 26 35 9 15 31 49 27 41 32 16 10 23 19 47 28 43 33 42 37 18 7 6 5 4 3 2 1 38
49 37 28 40 19 5 24 11 32 10 12 1 2 50 30 9 45 3 4 6 20 42 29 39 41 31 35 43 18 8 17 21 22 27 26 16 33 34 15 7 14 47 13 46 23 25 36 38 44 48
30 26 18 34 41 15 31 33 44 23 11 32 47 10 3 1 17 43 39 8 40 50 22 9 38 16 24 36 37 25 49 4 7 13 6 5 21 48 27 20 14 42 2 12 45 19 29 46 28 35
3 1 2 5 4 6
36 2 10 30 7 26 19 16 32 6 50 44 4 41 18 5 13 9 8 12 24 27 29 14 37 22 17 40 31 38 25 49 33 47 21 11 46 15 42 20 43 3 35 1 23 45 48 28 34 39
32 38 1 12 33 43 29 50 17 48 36 39 41 20 8 34 42 28 46 16 25 10 4 26 45 30 7 40 5 47 37 19 35 22 23 9 31 24 14 18 2 27 15 49 6 13 3 21 11 44
42 24 17 29 48 32 6 37 43 35 30 38 19 5 23 50 16 27 41 26 18 13 8 11 25 2 12 49 40 10 44 3 33 28 34 20 21 7 15 9 45 1 46 36 39 22 14 31 4 47
37 24 17 6 35 31 8 43 30 36 46 7 45 4 40 49 14 25 1 50 41 39 16 48 33 23 9 21 34 42 27 5 20 10 26 44 13 22 28 18 29 19 12 11 47 3 2 38 32 15
45 24 19 11 47 41 21 13 37 4 27 40 22 7 2 46 3 10 16 38 35 25 50 30 5 39 28 32 15 26 33 31 42 43 20 14 17 9 18 6 44 8 1 34 49 23 29 48 12 36
11 7 6 12 5 10 4 2 1 8 3 9
47 48 28 24 29 26 25 32 31 30 34 40 37 49 41 42 39 43 9 11 6 4 10 27 23 21 22 46 44 45 15 13 18 14 12 8 5 7 33 2 1 3 17 16 19 20 38 35 36 50
35 6 49 13 28 48 25 20 10 42 7 32 47 27 5 1 4 8 38 2 50 12 9 33 19 46 17 14 34 36 11 39 24 37 26 16 31 22 43 45 23 18 21 15 29 44 3 30 41 40
45 48 19 43 49 38 29 31 6 24 39 23 16 22 37 25 17 41 13 5 11 33 20 12 21 32 46 36 18 4 9 1 35 10 2 8 28 27 34 15 30 26 14 40 3 44 42 7 50 47
38 40 37 31 10 28 27 34 44 30 13 3 19 49 29 26 14 15 22 11 46 4 5 35 32 20 50 16 24 21 45 9 36 12 8 17 47 2 33 41 18 42 43 6 48 1 7 25 23 39
47 49 2 26 46 20 24 12 33 25 10 39 22 40 28 1 13 21 5 4 30 29 44 38 14 50 31 6 17 7 11 19 42 27 32 23 34 3 37 35 16 9 15 41 18 43 48 8 45 36
36 42 4 15 47 2 12 19 21 39 45 7 26 5 8 40 14 25 33 27 37 32 6 20 29 18 17 43 22 44 30 38 31 16 28 9 50 13 1 48 11 41 35 3 23 10 34 49 24 46
42 18 50 15 7 23 31 45 28 2 11 30 24 49 5 47 14 39 41 40 43 1 44 32 48 38 6 22 3 21 13 26 12 35 10 29 46 8 20 9 27 34 16 25 36 19 33 17 4 37
30 49 25 24 14 42 7 48 28 37 13 36 6 5 1 20 46 2 32 9 33 50 12 17 35 21 34 22 47 3 44 15 10 16 45 23 29 27 11 18 4 43 41 8 19 39 31 26 38 40
6 10 12 2 4 11 9 5 3 8 7 14 1 13
19 7 9 20 12 8 16 5 10 11 2 18 4 3 14 1 6 17 15 13
11 10 9 3 1 6 14 16 15 2 13 8 5 7 12 4
39 37 32 34 31 33 30 26 25 27 28 29 24 23 22 20 21 10 8 1 11 2 3 5 6 19 18 16 14 4 12 13 15 17 9 7 35 36 38 40
39 9 24 38 31 41 23 32 40 37 45 22 27 50 7 21 6 48 25 3 47 20 4 12 35 14 46 30 2 29 17 15 34 5 1 10 18 26 33 42 19 11 13 43 36 49 8 16 28 44
45 28 27 48 2 8 1 15 46 13 19 10 21 22 7 50 18 49 4 6 33 5 42 9 44 11 17 26 37 34 29 32 25 36 16 47 20 30 31 38 23 39 14 41 3 12 24 43 35 40
46 42 41 40 39 43 44 45 36 37 38 30 29 28 35 34 33 32 31 18 17 16 15 13 12 20 21 10 9 8 7 6 5 4 3 2 1 19 11 14 22 27 26 25 24 23 48 47
1 2 3 4 5 6 7 8 9 10 11 12 13 14 15 16 17 18 19 20 21 22 23 24 25 26 27 28 29 30 31 32 33 34 35 36 37 38 39 40 41 42 43 44 45 46 47 48 49 50
41 47 40 38 39 44 43 42 46 48 35 32 37 25 24 23 22 26 27 28 29 1 33 8 34 15 14 16 36 31 20 21 19 18 13 17 12 11 10 9 4 2 3 5 7 6 30 50 45 49
39 27 6 45 36 7 35 32 30 16 1 18 3 25 42 40 13 4 21 22 8 17 37 46 2 14 47 12 41 20 10 44 15 11 49 23 50 43 31 24 38 48 5 26 34 9 29 19 33 28
41 10 18 27 31 36 24 1 16 42 9 19 6 7 32 48 25 37 39 2 34 12 44 4 13 11 8 29 23 30 40 28 38 5 21 45 3 20 14 43 47 46 26 17 35 15 22 33
37 43 24 44 18 9 34 35 26 46 31 3 13 7 28 5 49 8 25 41 50 16 19 1 27 48 42 11 39 29 33 6 36 20 22 38 12 32 4 47 23 30 21 17 10 45 15 14 2 40
44 50 5 38 17 39 43 23 24 41 4 19 33 21 40 6 18 49 26 34 25 27 37 45 9 28 8 2 3 7 31 47 35 14 36 42 1 22 15 46 13 30 20 16 11 32 10 12 29 48
49 43 27 33 35 18 37 11 39 12 7 19 41 30 36 31 24 16 20 23 13 21 10 15 5 6 28 17 4 1 2 25 22 9 14 3 8 26 29 32 42 40 47 38 34 48 45 44 46 50
50 10 34 45 29 40 21 33 7 30 17 22 11 47 27 39 49 1 6 13 35 5 36 24 46 2 19 23 15 4 48 31 41 12 16 14 44 20 9 3 18 37 26 25 38 28 43 8 32 42
27 33 7 3 1 29 17 50 23 11 9 49 43 32 30 14 19 24 31 2 15 26 22 18 4 12 39 10 6 34 5 20 21 47 13 41 8 46 35 45 37 38 28 36 25 44 48 40 16 42
5 3 1 2 4 6
44 13 49 45 35 25 8 21 43 36 2 29 40 50 48 20 17 32 42 7 10 23 39 6 1 19 5 31 16 4 24 47 15 27 38 41 33 3 14 26 46 30 18 28 37 12 22 34 9 11
9 1 6 8 12 10 2 7 4 3 5 11
20 22 21 24 17 16 15 18 19 13 12 4 5 10 11 14 1 2 3 8 7 6 9 23
35 50 12 5 40 26 23 6 20 34 16 31 38 3 28 48 4 21 32 29 2 30 19 41 45 1 33 49 25 43 8 27 24 14 15 36 7 18 47 42 17 39 46 13 9 22 10 44 11 37
43 40 45 33 47 5 12 42 3 11 6 26 38 21 1 17 46 16 29 50 18 24 25 49 10 19 15 23 27 31 8 30 41 13 9 37 14 32 34 20 4 36 48 2 22 28 35 39 7 44
46 19 42 34 12 39 21 14 36 32 41 24 16 27 48 9 26 40 7 31 33 1 6 47 20 8 50 23 2 22 29 45 37 25 13 18 15 3 43 17 44 10 38 5 35 4 49 11 28 30
44 38 48 1 29 16 39 10 27 2 31 36 50 5 37 12 3 6 18 41 19 28 8 34 4 22 14 25 42 49 47 13 15 30 24 33 17 20 11 9 43 26 21 32 46 40 7 23 35 45
48 44 42 39 43 38 34 31 35 30 26 23 27 22 18 15 19 14 6 11 8 4 3 2 1 5 7 10 9 13 16 12 17 21 24 20 25 29 32 28 33 37 40 36 41 45 46 47
46 18 12 1 6 31 11 17 32 10 8 19 37 14 3 49 28 2 16 43 22 21 35 26 25 30 29 4 39 47 38 13 9 24 41 45 27 5 20 36 40 44 48 23 7 15 34 42 33 50
34 49 24 40 17 5 50 23 1 15 44 16 25 10 46 9 43 7 11 33 22 18 13 42 19 41 8 30 45 36 47 3 32 20 48 35 6 21 29 2 39 12 37 14 31 26 27 4 28 38
8 2 7 1 4 6 3 5
48 41 46 5 14 30 40 29 44 7 26 20 32 42 50 39 9 34 27 10 22 49 17 47 12 8 21 23 1 2 15 38 11 28 16 19 31 45 3 13 36 33 35 6 24 37 18 4 25 43
7 8 10 4 5 14 3 13 6 2 1 11 9 12
39 13 36 20 17 6 45 26 14 40 10 32 38 29 15 30 28 24 34 49 25 31 19 9 27 12 7 16 18 22 47 1 3 23 50 11 21 33 5 35 4 46 2 8 41 44 48 42 43 37
8 7 6 3 1 2 4 5
42 41 40 36 35 34 30 29 28 24 23 22 18 17 16 12 11 10 6 5 4 1 2 3 7 8 9 13 14 15 19 20 21 25 26 27 31 32 33 37 38 39 45 44 43 46 47 48
40 15 12 5 30 49 2 24 21 35 14 6 41 32 19 10 26 38 39 36 4 27 20 48 22 50 46 11 33 3 8 31 43 23 45 25 16 44 34 1 37 42 17 18 7 28 9 29 13 47
22 5 16 11 13 8 6 15 26 2 19 1 14 12 25 7 21 10 20 18 9 17 4 3 23 24
10 14 12 8 6 3 1 4 2 5 7 9 11 13 15 16
48 44 42 39 43 38 34 31 35 30 26 23 27 22 18 15 19 14 6 11 8 4 3 2 1 5 7 10 9 13 16 12 17 21 24 20 25 29 32 28 33 37 40 36 41 45 46 47
46 37 28 3 33 42 38 32 20 36 41 25 7 2 22 6 47 10 39 11 24 4 5 29 34 44 9 27 30 14 13 1 40 48 18 12 17 19 15 26 35 45 16 31 8 23 21 43
25 24 49 21 47 19 45 17 43 15 41 13 39 11 37 9 35 7 33 5 31 3 29 1 27 26 28 2 30 4 32 6 34 8 36 10 38 12 40 14 42 16 44 18 46 20 48 22 50 23
36 44 47 49 9 28 7 48 12 21 42 15 34 39 10 14 35 43 40 45 1 8 26 27 11 23 25 3 46 20 41 29 2 13 18 30 22 16 5 6 24 4 31 37 33 17 19 32 38 50
43 41 38 40 35 33 34 19 17 18 20 29 21 4 6 8 7 42 44 37 45 36 23 24 22 25 27 15 16 14 9 11 28 26 2 13 5 12 10 39 47 48 46 50 31 32 30 3 1 49
32 31 48 50 27 4 2 36 13 17 15 42 5 46 39 11 6 34 16 37 8 40 14 12 35 49 24 28 9 29 19 45 20 10 33 7 38 18 26 22 43 3 30 1 41 23 44 21 47 25
40 31 43 32 20 15 17 23 9 16 33 50 4 39 12 41 45 3 35 44 7 36 1 10 24 37 18 46 8 21 47 22 6 14 25 2 48 13 5 28 19 30 49 26 29 38 42 11 27 34
43 7 49 24 36 31 37 19 35 20 28 1 13 38 14 12 16 29 6 3 9 32 34 22 33 39 25 27 23 17 30 21 5 46 15 41 47 40 4 48 2 8 26 11 42 18 44 10 45 50
10 2 4 8 7 5 9 1 3 6
44 20 43 36 24 33 30 13 40 25 46 9 26 7 8 2 50 11 29 22 35 47 32 27 31 38 4 37 34 45 21 6 41 10 17 48 19 28 15 49 14 23 3 1 16 5 18 12 39 42
22 23 21 20 1 2 3 4 5 6 7 12 13 8 9 11 10 16 17 15 14 19 18 24
48 39 32 17 33 3 28 34 49 44 37 13 22 18 14 46 21 19 11 35 15 47 43 2 30 27 7 26 24 23 42 10 5 41 31 36 1 38 9 12 8 25 16 40 29 4 6 20 45 50
21 46 33 39 35 29 2 12 19 3 26 14 11 43 7 44 6 9 42 16 17 32 18 45 20 24 28 27 1 22 10 23 4 13 38 31 34 40 25 8 5 37 30 36 47 48 15 41
18 14 20 21 12 2 22 8 13 4 11 10 3 15 16 6 19 1 7 5 17 9
50 2 14 15 5 8 31 29 22 28 49 34 44 23 24 18 25 27 26 21 46 19 9 32 6 17 47 38 16 11 37 41 42 48 12 13 10 33 40 4 43 39 3 20 30 1 36 7 35 45
25 26 23 22 21 20 13 12 11 10 9 8 7 6 5 4 19 14 18 16 17 15 3 2 1 28 29 24 30 27
48 13 43 4 7 31 28 18 40 29 15 16 39 41 47 14 12 24 1 19 5 20 45 26 34 46 33 38 8 10 21 35 27 30 3 36 49 17 22 6 32 23 9 11 2 42 44 25 50 37
47 39 29 22 20 30 9 11 5 10 3 16 1 12 2 8 17 28 18 24 33 44 34 40 49 41 43 37 42 35 48 31 23 13 6 4 14 7 15 32 19 26 21 27 25 46 36 38 45 50
48 12 38 4 28 44 21 22 23 5 39 18 8 50 11 19 1 26 17 3 46 40 9 13 20 10 24 14 34 27 36 30 7 45 6 15 37 35 47 33 25 41 49 31 2 32 43 16 29 42
49 35 20 44 29 15 50 5 12 8 21 19 30 24 45 38 36 43 39 10 18 7 31 14 46 3 16 26 17 22 9 41 37 34 33 13 32 27 47 40 2 11 1 6 28 25 23 4 42 48
31 32 1 39 4 3 2 33 34 30 15 21 20 19 18 17 16 14 8 9 10 26 25 29 5 6 7 12 11 22 23 24 36 37 38 40 13 27 28 35
30 13 45 31 7 23 34 39 20 14 8 28 27 6 18 48 41 5 24 37 50 21 49 4 38 10 9 47 25 17 35 36 12 16 26 3 19 42 32 2 29 11 33 44 22 1 40 46 15 43
50 22 30 16 14 28 41 36 18 26 4 7 19 11 17 37 47 25 3 1 23 5 34 35 9 42 33 20 46 6 21 43 13 38 49 48 29 24 8 15 31 32 39 40 10 12 45 2 27 44
49 47 46 44 41 39 38 36 33 31 30 28 25 23 22 20 17 15 14 12 9 7 6 2 4 3 1 5 8 10 11 13 16 18 19 21 24 26 27 29 32 34 35 37 40 42 43 45 48 50
24 20 18 15 19 14 6 11 8 4 3 2 1 5 7 10 9 13 16 12 17 21 22 23
36 8 22 44 45 4 5 12 28 35 2 40 1 32 19 27 50 26 46 33 41 15 21 43 25 49 37 3 23 14 24 34 17 29 7 31 13 38 10 11 39 18 42 6 9 16 47 20 30 48
42 2 41 3 22 47 24 13 28 46 32 40 31 35 12 1 27 39 25 19 26 15 17 43 6 5 20 29 23 7 21 49 30 14 18 50 11 33 4 38 10 8 44 9 16 34 36 48 37 45
9 7 6 2 4 3 1 5 8 10
41 20 9 16 40 36 34 11 23 19 44 43 37 21 13 17 14 26 15 12 25 35 48 39 3 45 47 32 24 5 27 49 28 2 1 42 30 38 29 33 7 6 22 10 8 4 18 46 50 31
48 44 43 38 34 35 30 26 27 22 16 12 17 21 15 13 9 10 7 5 1 2 3 4 8 11 6 14 19 18 23 24 20 29 31 32 28 33 37 39 42 40 36 41 45 25 46 47
1 2 3 4 5 6 7 8 9 10 11 12 13 14 15 16 17 18 19 20 21 22 23 24 25 26 27 28 29 30 31 33 34 35 36 37 38 39 40 41 42 43 44 45 32 46 47 48
8 3 6 2 4 5 1 7
50 13 1 33 6 15 12 10 22 16 40 31 7 11 23 43 3 49 36 14 4 9 29 5 8 27 26 48 34 45 47 41 30 32 35 19 44 17 18 39 37 28 24 21 2 38 42 25 20 46
48 45 43 42 40 37 35 34 32 29 27 3 1 2 26 24 21 19 30 28 25 23 18 16 13 11 10 8 5 6 4 7 9 12 14 15 17 20 22 31 33 36 38 39 41 44 46 47
43 44 19 38 24 8 49 16 21 20 33 22 14 29 27 28 35 46 36 41 10 9 11 3 39 7 26 34 12 32 1 4 23 13 40 31 37 42 5 15 47 6 25 48 17 45 30 2 18 50
6 1 2 3 4 5
33 36 28 3 26 43 35 40 30 24 42 17 46 34 6 11 41 32 16 10 18 14 39 20 15 45 21 23 27 44 38 25 37 13 29 2 5 7 22 19 1 12 9 8 4 31
48 47 37 36 28 29 30 10 9 8 7 6 5 4 3 2 1 31 32 33 34 35 38 43 21 20 15 16 17 18 19 11 14 13 12 22 27 26 25 24 23 39 40 41 42 45 44 46
44 24 35 20 13 14 31 1 26 25 40 18 38 28 15 43 33 19 16 6 27 21 4 8 29 36 5 45 42 11 46 3 41 10 39 12 49 48 17 7 9 34 37 22 32 23 2 47 30 50
48 29 3 1 18 42 47 7 19 13 2 5 34 26 24 21 14 10 12 43 28 38 30 45 33 11 36 22 16 20 23 41 17 44 49 40 37 39 25 27 32 35 9 6 8 4 31 15 46 50
45 41 43 40 30 6 35 17 13 31 21 7 20 26 29 27 32 9 16 24 3 4 14 15 44 8 49 34 2 33 47 10 23 1 18 25 11 38 28 19 46 37 22 12 5 48 42 36 50 39
3 2 4 1
14 19 23 18 13 12 15 24 25 17 26 10 5 2 9 4 1 7 16 3 6 11 8 22 20 21
44 22 35 30 47 34 14 20 38 33 41 15 36 42 12 48 17 29 25 1 31 40 26 46 3 11 49 24 21 27 7 9 6 45 50 13 23 2 18 8 37 16 10 19 32 28 4 5 39 43
50 40 44 23 48 18 25 13 21 9 17 2 20 16 33 28 32 30 46 31 34 49 45 42 29 36 37 35 41 38 19 8 14 10 12 7 11 15 24 4 26 22 3 5 1 6 39 47 27 43
36 9 47 41 17 28 2 43 6 13 42 34 23 8 44 18 33 12 30 1 37 14 22 50 16 21 49 25 20 15 31 38 24 48 40 29 5 27 4 26 35 45 19 3 32 46 11 7 10 39
44 32 6 36 25 45 24 13 16 18 9 49 17 5 35 22 19 39 28 2 38 3 30 26 31 29 41 7 40 33 20 37 21 1 4 10 42 48 12 11 50 27 47 34 14 15 46 23 8 43
46 23 40 28 36 24 14 42 17 33 31 29 12 30 27 39 32 49 16 25 21 38 45 43 37 7 26 15 47 13 2 10 4 11 22 8 35 1 20 9 44 5 34 6 41 3 48 18 19 50
34 41 12 24 26 17 15 46 3 21 1 30 18 6 44 37 10 25 28 9 33 20 32 23 7 27 4 19 49 35 5 36 39 42 14 29 50 47 22 45 2 16 43 48 13 8 40 11 31 38
48 44 42 43 38 34 35 30 26 27 22 18 19 14 6 11 8 4 3 2 1 5 7 10 9 13 15 16 12 17 21 23 24 20 25 29 31 32 28 33 37 39 40 36 41 45 46 47
3 16 8 11 19 9 26 24 7 1 4 17 13 14 20 18 22 21 12 6 15 2 25 5 10 23
47 45 46 43 41 42 39 37 38 35 33 34 31 29 30 27 25 26 23 21 22 19 17 18 15 13 14 10 9 11 8 3 1 2 6 5 7 4 12 16 20 24 28 32 36 40 44 48
15 12 4 9 2 13 18 11 10 14 16 3 5 6 1 8 7 17
46 15 6 23 16 35 30 4 33 34 27 5 9 32 20 13 21 25 43 26 18 44 24 22 49 14 31 37 28 19 2 48 3 42 12 8 1 45 11 47 17 29 7 40 38 50 10 36 39 41
47 35 49 22 46 18 34 13 19 9 31 8 39 2 3 1 5 4 42 6 37 7 45 10 23 11 33 12 21 14 16 15 17 38 20 24 26 43 25 48 27 30 32 29 28 36 40 41 44 50
46 45 44 43 42 41 40 39 38 37 36 35 34 33 32 31 30 29 28 22 23 24 25 26 27 21 20 19 18 17 16 15 14 13 12 11 10 9 8 7 6 5 4 3 2 1 47 48
45 9 8 39 37 34 41 23 42 29 47 27 20 44 33 43 13 32 50 2 16 35 3 28 36 18 17 49 1 31 10 7 38 4 5 15 6 14 21 26 12 25 22 48 30 11 40 19 24 46
49 47 48 46 44 42 43 45 40 38 34 32 33 35 31 29 28 25 23 24 26 21 27 30 20 19 15 10 17 14 13 16 18 22 11 4 9 6 5 12 2 1 3 7 8 37 36 39 41 50
3 4 2 6 1 5
40 7 23 27 17 37 8 34 26 12 48 49 2 21 46 31 5 36 45 22 25 42 10 3 39 47 6 43 1 15 32 9 44 33 16 24 30 29 4 50 28 35 14 11 13 20 19 41 18 38
7 5 4 2 1 3 6 8
49 47 45 43 41 39 37 35 33 31 29 27 25 23 21 19 17 15 13 11 9 7 5 3 1 2 4 6 8 10 12 14 16 18 20 48 46 44 42 40 38 36 34 32 30 28 26 24 22 50
32 16 19 3 30 25 14 31 35 20 11 9 10 22 5 23 24 7 13 26 17 15 8 21 12 1 18 33 4 6 2 27 29 36 28 34
43 18 25 4 34 13 38 7 33 1 22 42 9 28 21 39 47 26 40 17 16 2 19 31 15 32 8 11 12 5 46 29 36 14 20 6 35 10 23 3 37 48 27 41 45 30 24 44
20 42 11 9 13 28 44 2 4 17 30 5 29 48 47 35 10 39 50 43 46 14 37 8 1 7 40 49 34 36 12 45 16 21 18 41 6 33 23 24 15 38 19 3 26 25 32 22 31 27
18 4 5 15 16 17 6 7 8 13 14 1 2 3 12 11 10 9
50 44 48 49 40 9 8 21 12 20 23 26 18 33 31 30 28 29 25 32 37 34 45 39 36 41 6 35 19 13 16 24 27 22 17 15 4 14 11 2 5 10 3 1 7 42 43 47 46 38
50 15 36 33 14 44 24 29 18 4 1 37 41 38 13 28 39 12 21 25 5 11 30 27 16 19 6 17 2 20 3 7 9 8 32 22 10 31 26 35 40 46 43 48 45 34 42 49 23 47
47 30 15 35 45 28 1 49 2 38 19 39 3 8 25 42 4 22 16 31 9 41 27 17 44 14 43 23 37 20 26 11 21 18 34 40 6 24 29 12 33 10 5 36 48 7 50 13 32 46
43 34 35 29 26 22 27 15 13 25 8 32 16 41 40 42 36 24 44 10 19 7 17 9 5 21 11 12 3 14 37 46 6 1 33 4 28 20 18 39 38 2 31 30 23 45
41 3 5 34 32 38 27 29 45 16 37 2 31 17 8 6 20 12 18 10 11 40 39 19 24 44 14 35 42 21 9 25 15 28 36 1 26 23 33 7 4 22 13 43 30 46
40 21 13 16 29 30 11 32 38 17 43 31 50 41 47 35 1 7 26 9 12 8 19 44 20 3 2 37 36 5 4 15 24 22 45 23 14 18 34 27 10 28 25 33 6 49 46 42 39 48
46 31 37 19 6 30 11 24 5 2 4 15 25 34 49 28 42 44 27 16 20 18 10 45 48 8 32 26 14 7 1 13 40 22 39 50 38 36 47 29 35 17 21 9 41 33 3 12 23 43
23 6 12 15 2 25 5 10 16 3 8 11 19 9 26 24 7 1 4 17 13 14 20 18 22 21
28 17 22 7 19 13 26 11 18 16 1 24 2 5 12 9 21 10 23 25 8 27 3 14 20 15 29 6 4 30
43 44 34 36 25 27 16 18 7 9 8 11 14 17 20 23 26 29 32 35 38 37 39 28 30 19 21 10 12 1 3 2 5 6 4 15 13 24 22 33 31 42 40 41
37 39 31 26 3 44 16 19 47 27 48 49 22 2 9 15 4 25 10 42 13 45 21 6 20 24 50 11 30 38 33 7 23 41 28 14 32 12 35 1 34 36 8 29 17 46 18 5 40 43
40 9 22 32 12 23 20 41 29 44 3 31 4 36 7 38 26 11 6 15 10 14 37 17 19 24 30 50 35 2 13 33 21 18 25 43 16 45 1 8 48 34 28 46 47 27 39 42 5 49
49 12 5 11 23 24 2 36 46 37 22 29 7 20 14 28 33 30 41 32 48 40 39 17 8 44 35 21 3 15 1 9 19 13 16 50 45 27 43 47 4 6 25 10 18 34 26 31 38 42
41 9 16 46 6 5 40 27 11 30 23 14 38 3 43 19 12 10 13 47 21 36 44 32 20 45 42 2 4 48 49 33 39 22 17 25 1 26 29 7 18 15 28 50 35 31 8 34 24 37
45 39 38 37 21 20 19 18 17 16 15 14 24 25 26 33 47 46 22 4 5 6 8 9 10 11 12 13 2 1 3 23 43 44 7 48 49 34 35 36 32 31 30 29 28 42 40 41 27 50
46 11 14 20 32 36 44 1 29 26 4 16 47 35 33 28 22 18 10 24 8 2 15 21 38 41 12 9 34 13 30 27 25 40 37 23 50 5 19 49 7 48 6 31 43 3 39 45 17 42
43 3 30 44 4 35 27 9 15 33 32 36 14 46 31 25 26 29 24 21 20 23 7 1 16 34 42 37 38 8 11 18 17 5 2 13 28 19 47 12 22 6 39 40 10 41 45 48
47 46 44 42 43 7 6 4 3 2 1 8 9 5 13 11 10 12 14 15 16 17 21 19 18 20 22 23 24 25 29 27 26 28 30 31 32 33 37 35 34 36 38 39 40 41 45 48
28 7 11 14 22 1 27 6 13 21 19 4 17 25 30 5 8 15 26 2 12 20 23 32 29 10 24 3 9 18 16 31
28 12 44 16 43 18 40 22 38 24 36 23 34 17 32 10 11 30 6 4 5 26 27 2 1 3 29 8 7 9 31 14 13 15 33 20 19 35 25 37 39 41 21 42 45 46 47 48 49 50
15 13 11 10 7 5 3 1 4 2 6 8 9 12 14 16
21 2 10 22 1 24 4 13 6 26 14 9 15 17 19 16 23 5 11 7 25 12 8 20 3 18
